Time(s),AngularVelocityX(rad/s),AngularVelocityY(rad/s),AngularVelocityZ(rad/s),EstimatedIntegrationError,EulerAngleX(rad),EulerAngleY(rad),EulerAngleZ(rad),OrientationQuaternion0,OrientationQuaternion1,OrientationQuaternion2,PositionX(m),PositionY(m),PositionZ(m),TimeStep(s),VelocityX(m/s),VelocityY(m/s),VelocityZ(m/s)
0,0.0,0.0,0.0,3.22632757265943e-05,-3.141592653589793,-0.05235987755982997,1.5707963267948966,0.9996573249755574,0.0,0.026176948307873156,0.0,0.0,874.603032,0.01,0.0,0.0,0.0
0.01,0.0,0.0,0.0,1.544564315714052e-05,-3.141592653589793,-0.05235987755982997,1.5707963267948966,0.9996573249755574,0.0,0.026176948307873156,0.0,0.0,874.603032,0.010096822059263556,0.0,0.0,0.0
0.020096822059263556,0.0,0.0,0.0,3.2547995896221106e-05,-3.141592653589793,-0.05235987755982997,1.5707963267948966,0.9996573249755574,0.0,0.026176948307873156,0.0,0.0,874.603032,0.010196379130031602,0.0,0.0,0.0
0.030293201189295158,0.0,0.0,0.0,2.4177308279259707e-05,-3.141592653589793,-0.05235987755982997,1.5707963267948966,0.9996573249755574,0.0,0.026176948307873156,0.0,0.0,874.603032,0.010295275507798952,0.0,0.0,0.0
0.04058847669709411,0.0,0.0,0.0,2.999683501847755e-05,-3.141592653589793,-0.05235987755982997,1.5707963267948966,0.9996573249755574,0.0,0.026176948307873156,0.0,0.0,874.603032,0.010396095869805562,0.0,0.0,0.0
0.05098457256689967,0.0,0.0,0.0,9.700558931911825e-06,-3.141592653589793,-0.05235987755982997,1.5707963267948966,0.9996573249755574,0.0,0.026176948307873156,0.0,0.0,874.603032,0.010497403700862058,0.0,0.0,0.0
0.06148197626776173,0.0,0.0,0.0,2.1147021079686253e-06,-3.141592653589793,-0.05235987755982997,1.5707963267948966,0.9996573249755574,0.0,0.026176948307873156,0.0,0.0,874.603032,0.010601937346326827,0.0,0.0,0.0
0.07208391361408856,0.0,0.0,0.0,2.2026968644814253e-05,-3.141592653589793,-0.05235987755982997,1.5707963267948966,0.9996573249755574,0.0,0.026176948307873156,-3.884037458030082e-06,0.0,874.6030453913015,0.010708427927645425,-7.048608883926897e-05,0.0,-0.0006706303381695124
0.08279234154173398,0.0,0.0,0.0,2.2433130331359285e-05,-3.141592653589793,-0.05235987755982997,1.5707963267948966,0.9996573249755574,0.0,0.026176948307873156,2.0968801257649402e-05,0.0,874.6033330717363,0.01081396914334877,0.004459864892758184,0.0,0.04243278000629371
0.09360631068508275,0.0,0.0,0.0,3.4664406821649006e-05,-3.141592653589793,-0.05235987755982997,1.5707963267948966,0.9996573249755574,0.0,0.026176948307873156,0.00012063700885686192,0.0,874.6043334563851,0.010920620983030177,0.013852191475928846,0.0,0.13179479819166254
0.10452693166811293,0.0,0.0,0.0,2.1240065558356737e-05,-3.141592653589793,-0.05235987755982997,1.5707963267948966,0.9996573249755574,0.0,0.026176948307873156,0.00035664830144191493,0.0,874.6066319585348,0.011027104791189277,0.029514147132209324,0.0,0.2808083523713879
0.1155540364593022,0.0,0.0,0.0,5.796321465093535e-06,-3.141592653589793,-0.05235987755982997,1.5707963267948966,0.9996573249755574,0.0,0.026176948307873156,0.0008069504346171311,0.0,874.6109702146426,0.01113622540639031,0.05232803397540768,0.0,0.4978679864149707
0.12669026186569252,0.0,0.0,0.0,3.7727256715315495e-06,-3.141592653589793,-0.05235987755982997,1.5707963267948966,0.9996573249755574,0.0,0.026176948307873156,0.001555326548616347,0.0,874.6181453914352,0.011248268032642228,0.08202219451765795,0.0,0.7803890519761354
0.13793852989833474,0.0,0.0,0.0,2.590116532287436e-05,-3.141592653589793,-0.05235987755982997,1.5707963267948966,0.9996573249755574,0.0,0.026176948307873156,0.002676777493645809,0.0,874.6288711008531,0.011361791468103816,0.11700156452628308,0.0,1.113195526617298
0.14930032136643856,0.0,0.0,0.0,1.5315573378135766e-06,-3.141592653589793,-0.05235987755982997,1.5707963267948966,0.9996573249755574,0.0,0.026176948307873156,0.004228525812993314,0.0,874.6436918011913,0.01147407362959929,0.1555841410188324,0.0,1.480284220950333
0.16077439499603785,0.0,0.0,0.0,4.2530902717431385e-05,-3.141592653589793,-0.05235987755982997,1.5707963267948966,0.9996573249755574,0.0,0.026176948307873156,0.006258232564960715,0.0,874.6630609632136,0.011590391447526466,0.19779724815143285,0.0,1.8819151069550368
0.17236478644356432,0.0,0.0,0.0,7.041929143020812e-05,-3.141592653589793,-0.05235987755982997,1.5707963267948966,0.9996573249755574,0.0,0.026176948307873156,0.008823111363101543,0.0,874.6875229724232,0.011703267824155289,0.24421505581630665,0.0,2.3235510462446527
0.1840680542677196,0.0,0.0,0.0,3.913786583154829e-05,-3.141592653589793,-0.05235987755982997,1.5707963267948966,0.9996573249755574,0.0,0.026176948307873156,0.011971109332406448,0.0,874.717534012038,0.011814108858457878,0.2928159894839569,0.0,2.7859580419741734
0.19588216312617748,0.0,0.0,0.0,2.0136001666986842e-05,-3.141592653589793,-0.05235987755982997,1.5707963267948966,0.9996573249755574,0.0,0.026176948307873156,0.015729219502120105,0.0,874.7533509064738,0.011929827211590333,0.34237371357551033,0.0,3.25746829050302
0.20781199033776782,0.0,0.0,0.0,4.148939408809206e-06,-3.141592653589793,-0.05235987755982997,1.5707963267948966,0.9996573249755574,0.0,0.026176948307873156,0.020123881980538473,0.0,874.7952252557924,0.01204908401012092,0.393689628303215,0.0,3.7457066055242114
0.21986107434788874,0.0,0.0,0.0,5.394713257221639e-05,-3.141592653589793,-0.05235987755982997,1.5707963267948966,0.9996573249755574,0.0,0.026176948307873156,0.025199900257417487,0.0,874.8435833700178,0.012171602674183796,0.4481839699889866,0.0,4.264185633015576
0.23203267702207253,0.0,0.0,0.0,1.1499127769416415e-05,-3.141592653589793,-0.05235987755982997,1.5707963267948966,0.9996573249755574,0.0,0.026176948307873156,0.031004721491024866,0.0,874.8988767105545,0.012289449750698539,0.50462581294597,0.0,4.801193897376313
0.24432212677277107,0.0,0.0,0.0,1.527634431419925e-05,-3.141592653589793,-0.05235987755982997,1.5707963267948966,0.9996573249755574,0.0,0.026176948307873156,0.03756055076878377,0.0,874.961316536071,0.012413800552889959,0.5609628005971222,0.0,5.3372045301424125
0.25673592732566103,0.0,0.0,0.0,3.5079007450352165e-05,-3.141592653589793,-0.05235987755982997,1.5707963267948966,0.9996573249755574,0.0,0.026176948307873156,0.04488342161478071,0.0,875.0310554452284,0.01253909274195586,0.6178528128613471,0.0,5.87847684062944
0.2692750200676169,0.0,0.0,0.0,1.0217308727866243e-05,-3.141592653589793,-0.05235987755982997,1.5707963267948966,0.9996573249755574,0.0,0.026176948307873156,0.05300742729113208,0.0,875.1084178354636,0.012663319697952757,0.6772913028210188,0.0,6.443996296714406
0.28193833976556965,0.0,0.0,0.0,1.4679588257070745e-05,-3.141592653589793,-0.05235987755982997,1.5707963267948966,0.9996573249755574,0.0,0.026176948307873156,0.06198184336051019,0.0,875.193872542936,0.012792082436050123,0.7391187116855755,0.0,7.032244797912031
0.29473042220161977,0.0,0.0,0.0,3.511065361169033e-05,-3.141592653589793,-0.05235987755982997,1.5707963267948966,0.9996573249755574,0.0,0.026176948307873156,0.07184456021146424,0.0,875.2877801129198,0.012921745236922022,0.801599813720125,0.0,7.626712774170203
0.3076521674385418,0.0,0.0,0.0,1.5596084881730043e-05,-3.141592653589793,-0.05235987755982997,1.5707963267948966,0.9996573249755574,0.0,0.026176948307873156,0.08261822048212578,0.0,875.3903559974291,0.01305024508729341,0.8648246611529573,0.0,8.228257015208788
0.3207024125258352,0.0,0.0,0.0,3.2050606079318914e-05,-3.141592653589793,-0.05235987755982997,1.5707963267948966,0.9996573249755574,0.0,0.026176948307873156,0.09433211698929625,0.0,875.5018789108789,0.013182735490039621,0.929284195229345,0.0,8.841548514960921
0.3338851480158748,0.0,0.0,0.0,3.1743957505332045e-05,-3.141592653589793,-0.05235987755982997,1.5707963267948966,0.9996573249755574,0.0,0.026176948307873156,0.10701789745694287,0.0,875.6226500015076,0.013314571467538783,0.9939713111103463,0.0,9.457005310945297
0.3471997194834136,0.0,0.0,0.0,8.91780892839983e-05,-3.141592653589793,-0.05235987755982997,1.5707963267948966,0.9996573249755574,0.0,0.026176948307873156,0.12068667153154834,0.0,875.7527749853239,0.01344793834312108,1.0580033144376135,0.0,10.06622912733491
0.3606476578265347,0.0,0.0,0.0,2.6010249333541305e-05,-3.141592653589793,-0.05235987755982997,1.5707963267948966,0.9996573249755574,0.0,0.026176948307873156,0.13536087635713262,0.0,875.892467365908,0.01357508730896062,1.1232502869748993,0.0,10.6870126035893
0.3742227451354953,0.0,0.0,0.0,8.875330219929603e-05,-3.141592653589793,-0.05235987755982997,1.5707963267948966,0.9996573249755574,0.0,0.026176948307873156,0.15107155884076487,0.0,876.0420225178018,0.01371218721485784,1.1903251313282035,0.0,11.32518711847689
0.38793493235035315,0.0,0.0,0.0,7.787437017088758e-07,-3.141592653589793,-0.05235987755982997,1.5707963267948966,0.9996573249755574,0.0,0.026176948307873156,0.16786985150734418,0.0,876.2019270116338,0.013842245534252617,1.2585475665635748,0.0,11.97428023126081
0.40177717788460576,0.0,0.0,0.0,1.0888914856911356e-05,-3.141592653589793,-0.05235987755982997,1.5707963267948966,0.9996573249755574,0.0,0.026176948307873156,0.18577821320227897,0.0,876.372394507203,0.013985898124597385,1.3278501688122009,0.0,12.633650446680264
0.41576307600920315,0.0,0.0,0.0,1.7084142884031227e-05,-3.141592653589793,-0.05235987755982997,1.5707963267948966,0.9996573249755574,0.0,0.026176948307873156,0.20485050785813388,0.0,876.5539375854361,0.014129821984322777,1.3982021054918226,0.0,13.303004412310575
0.4298928979935259,0.0,0.0,0.0,5.589659075838575e-05,-3.141592653589793,-0.05235987755982997,1.5707963267948966,0.9996573249755574,0.0,0.026176948307873156,0.22511626843476898,0.0,876.7468372584874,0.014274548397592401,1.4691217355306943,0.0,13.97775961945903
0.4441674463911183,0.0,0.0,0.0,1.551559330427279e-05,-3.141592653589793,-0.05235987755982997,1.5707963267948966,0.9996573249755574,0.0,0.026176948307873156,0.24661460339206306,0.0,876.9514656455161,0.014415413214380113,1.5418770237531083,0.0,14.669979947579087
0.45858285960549844,0.0,0.0,0.0,3.1625080981619253e-06,-3.141592653589793,-0.05235987755982997,1.5707963267948966,0.9996573249755574,0.0,0.026176948307873156,0.26938154987595464,0.0,877.1681656151009,0.014563689592348716,1.6152581868884617,0.0,15.3681550777236
0.47314654919784715,0.0,0.0,0.0,4.558343438709134e-05,-3.141592653589793,-0.05235987755982997,1.5707963267948966,0.9996573249755574,0.0,0.026176948307873156,0.29344415834023385,0.0,877.3971946035385,0.014715500320573338,1.6877979868189208,0.0,16.058325171698378
0.4878620495184205,0.0,0.0,0.0,1.2069080037801976e-05,-3.141592653589793,-0.05235987755982997,1.5707963267948966,0.9996573249755574,0.0,0.026176948307873156,0.318836789167072,0.0,877.6388795733706,0.014862862328148596,1.7625244536295583,0.0,16.769300011311152
0.5027249118465691,0.0,0.0,0.0,0.00019144532240397263,-3.141592653589793,-0.05235987755982997,1.5707963267948966,0.9996573249755574,0.0,0.026176948307873156,0.34561213600346724,0.0,877.8937218693335,0.015016895757923976,1.8389646510071695,0.0,17.496579908114455
0.5177418076044931,0.0,0.0,0.0,3.3451395687383516e-05,-3.141592653589793,-0.05235987755982997,1.5707963267948966,0.9996573249755574,0.0,0.026176948307873156,0.37380063623181936,0.0,878.1620111482289,0.015145791352343507,1.9134211824662937,0.0,18.20498648441385
0.5328875989568366,0.0,0.0,0.0,7.795542242258315e-05,-3.141592653589793,-0.05235987755982997,1.5707963267948966,0.9996573249755574,0.0,0.026176948307873156,0.40335634010045734,0.0,878.4433100945387,0.015299926335923919,1.9883711556905888,0.0,18.91808784550402
0.5481875252927605,0.0,0.0,0.0,6.766420934194338e-07,-3.141592653589793,-0.05235987755982997,1.5707963267948966,0.9996573249755574,0.0,0.026176948307873156,0.4343867073586217,0.0,878.7386413027345,0.015449041878175196,2.0671104114802725,0.0,19.667241821941325
0.5636365671709357,0.0,0.0,0.0,1.9967451054152528e-05,-3.141592653589793,-0.05235987755982997,1.5707963267948966,0.9996573249755574,0.0,0.026176948307873156,0.46694398130965475,0.0,879.0485018294701,0.015611778844838442,2.145718960008913,0.0,20.415152201860252
0.5792483460157741,0.0,0.0,0.0,4.732888610751063e-05,-3.141592653589793,-0.05235987755982997,1.5707963267948966,0.9996573249755574,0.0,0.026176948307873156,0.5010541749198539,0.0,879.3731392844572,0.015773459622012154,2.222454743788702,0.0,21.14524441542159
0.5950218056377863,0.0,0.0,0.0,4.480677889809043e-05,-3.141592653589793,-0.05235987755982997,1.5707963267948966,0.9996573249755574,0.0,0.026176948307873156,0.5367355905500342,0.0,879.7127278252175,0.015932739404506013,2.300716735745978,0.0,21.88985752981655
0.6109545450422923,0.0,0.0,0.0,5.251233650898965e-05,-3.141592653589793,-0.05235987755982997,1.5707963267948966,0.9996573249755574,0.0,0.026176948307873156,0.5740482555610004,0.0,880.0678385864634,0.016094271586589826,2.3820333262280067,0.0,22.66353320783734
0.6270488166288821,0.0,0.0,0.0,7.067206377938901e-05,-3.141592653589793,-0.05235987755982997,1.5707963267948966,0.9996573249755574,0.0,0.026176948307873156,0.6130500028932544,0.0,880.4390218563641,0.016256447711614386,2.462770213132752,0.0,23.431693374748438
0.6433052643404965,0.0,0.0,0.0,1.8586814084382586e-05,-3.141592653589793,-0.05235987755982997,1.5707963267948966,0.9996573249755574,0.0,0.026176948307873156,0.6537431745012636,0.0,880.8262999501949,0.01641755389492916,2.541971457944607,0.0,24.185242883116533
0.6597228182354257,0.0,0.0,0.0,3.0112412867527986e-05,-3.141592653589793,-0.05235987755982997,1.5707963267948966,0.9996573249755574,0.0,0.026176948307873156,0.6961459294429517,0.0,881.2298456633138,0.01658906531872828,2.622323974759014,0.0,24.949746012902853
0.676311883554154,0.0,0.0,0.0,3.2079243033714866e-05,-3.141592653589793,-0.05235987755982997,1.5707963267948966,0.9996573249755574,0.0,0.026176948307873156,0.7403392312371971,0.0,881.6504294128234,0.016760725000555254,2.70429773176893,0.0,25.729674212777073
0.6930726085547092,0.0,0.0,0.0,1.5213628008112396e-05,-3.141592653589793,-0.05235987755982997,1.5707963267948966,0.9996573249755574,0.0,0.026176948307873156,0.7863646481682918,0.0,882.088446727955,0.016934103507137643,2.7861279113333435,0.0,26.508236364507383
0.7100067120618468,0.0,0.0,0.0,7.415428698029292e-05,-3.141592653589793,-0.05235987755982997,1.5707963267948966,0.9996573249755574,0.0,0.026176948307873156,0.8342565911360993,0.0,882.5442250510965,0.017112411522204773,2.868736983408837,0.0,27.294209183458772
0.7271191235840516,0.0,0.0,0.0,4.021903578131115e-05,-3.141592653589793,-0.05235987755982997,1.5707963267948966,0.9996573249755574,0.0,0.026176948307873156,0.8840785602450013,0.0,883.0183686153929,0.017282790616936383,2.95267492160549,0.0,28.09282531899774
0.744401914200988,0.0,0.0,0.0,2.176569034075504e-05,-3.141592653589793,-0.05235987755982997,1.5707963267948966,0.9996573249755574,0.0,0.026176948307873156,0.9358429867385342,0.0,883.5109956747523,0.01746101265674649,3.0354511007754126,0.0,28.880388055748412
0.7618629268577345,0.0,0.0,0.0,5.195376521289925e-06,-3.141592653589793,-0.05235987755982997,1.5707963267948966,0.9996573249755574,0.0,0.026176948307873156,0.9895662524686617,0.0,884.0222621814546,0.01764459012063324,3.116619931830741,0.0,29.652657896732027
0.7795075169783677,0.0,0.0,0.0,5.247940609225725e-06,-3.141592653589793,-0.05235987755982997,1.5707963267948966,0.9996573249755574,0.0,0.026176948307873156,1.0453111699939472,0.0,884.5527658321587,0.017833328536428605,3.2007385470279353,0.0,30.45299305910264
0.7973408455147963,0.0,0.0,0.0,6.585584637114594e-05,-3.141592653589793,-0.05235987755982997,1.5707963267948966,0.9996573249755574,0.0,0.026176948307873156,1.1031533711871584,0.0,885.1032262916939,0.018024392818442925,3.284153171115243,0.0,31.246630193481263
0.8153652383332393,0.0,0.0,0.0,0.00022199428030156672,-3.141592653589793,-0.05235987755982997,1.5707963267948966,0.9996573249755574,0.0,0.026176948307873156,1.1631018070406947,0.0,885.6737287794467,0.018206893263416513,3.36634753887357,0.0,32.028657364418386
0.8335721315966558,0.0,0.0,0.0,0.00016097006279058924,-3.141592653589793,-0.05235987755982997,1.5707963267948966,0.9996573249755574,0.0,0.026176948307873156,1.2251728402533537,0.0,886.2644289528608,0.01836309738360209,3.45085822760015,0.0,32.832722857240434
0.8519352289802579,-5.951395399739065e-06,-8.294767538837236e-05,5.731982506718394e-08,6.697090972784498e-05,3.1415926314372444,-0.05235956520140746,1.5707963265810319,0.9996573290638403,-1.1075278071415193e-08,0.02617679218218029,1.2892795789149394,-1.6050532977952106e-07,886.8750280217137,0.018532120211965375,3.5211786238590324,-4.309690676699879e-05,33.64190243536188
0.8704673491922232,-2.1346968263967206e-05,-0.00026667203012981864,1.945189852954666e-07,6.301671441397367e-05,3.1415923871436147,-0.05235632614504422,1.5707963242912615,0.9996573714565731,-1.3321020981655927e-07,0.02617517320892919,1.3550513031867033,-1.9224215773607893e-06,887.5064261979475,0.018720423141735942,3.5754311379444332,-0.0001532767377041104,34.470069592182504
0.8891877723339592,-4.269518741567937e-05,-0.00045235259373812946,3.6039849325140495e-07,0.0001418586779622505,3.1415917973390277,-0.05234959561477311,1.5707963191233165,0.9996574595372275,-4.2807912204115283e-07,0.026171809096677684,1.4225125457431615,-6.132044509225493e-06,888.1598353187371,0.018911707316806137,3.630064044403552,-0.0003029916861640226,35.303918162413616
0.9080994796507653,-6.975609920712652e-05,-0.0006400263657621455,5.450406737114509e-07,1.9007882441585396e-05,3.1415907399176626,-0.05233926867880793,1.5707963105420217,0.9996575946608336,-9.567210812040411e-07,0.026166647397027214,1.4916967413021305,-1.3589343217550021e-05,888.8356842163449,0.01909035667641834,3.685006003052018,-0.0004891107804105023,36.142076016377686
0.9271898363271837,-9.72277838812508e-05,-0.0008335905482946951,7.19837107102944e-07,1.674771566494177e-06,3.141589144703754,-0.05232521097032937,1.5707962983859691,0.9996577785566088,-1.7542141949861286e-06,0.0261596209488134,1.5625960977338034,-2.4718858691163086e-05,889.5341427872834,0.01929448142993684,3.7411374732998928,-0.0006750501168254298,37.0008686283326
0.9464843177571205,-0.00012368204539415576,-0.0010344525398170309,8.789828539043548e-07,8.899254951469485e-05,3.1415870121349765,-0.05230719794721629,1.5707962828305222,0.9996580141205528,-2.8203376073383935e-06,0.026150617518316516,1.6353426124636525,-3.945812302473032e-05,890.2567311143888,0.019504501560336118,3.798009517867834,-0.0008507625963121287,37.87134417683266
0.9659888193174566,-0.00015074601110762371,-0.001241466356396215,1.0299524888854786e-06,5.615522157178598e-05,3.141584342138489,-0.05228500529057104,1.570796264037497,0.9996583042301902,-4.1551258826328445e-06,0.02613952498298167,1.7100034673753643,-5.773431651946026e-05,891.0043930680957,0.019700140038724334,3.8561505289105367,-0.0010263432424034299,38.76383131324504
0.985688959356181,-0.00018191735914088286,-0.0014516753478134897,1.1857423908326719e-06,3.1190163250976266e-05,3.1415810731432052,-0.052258479002278,1.5707962419237902,0.9996586508264236,-5.7893554886920915e-06,0.02612626636816902,1.7865600124292071,-7.986289966748813e-05,891.7771485223394,0.019904569784089277,3.914255649078257,-0.0012240224096728557,39.65410769154796
1.0055935291402702,-0.00021782068877380408,-0.0016645307233987244,1.3457305046609828e-06,7.212768417028666e-06,3.1415771049991044,-0.05222746510228225,1.5707962162813114,0.9996590558314806,-7.773087540999398e-06,0.026110764707779923,1.865074607142093,-0.00010638934870092496,892.5757638183921,0.02011646898795494,3.9734261664497748,-0.0014463502412032981,40.56330911212927
1.0257099981282252,-0.0002636885802503373,-0.0018758647484116847,1.5185529038470256e-06,3.106510172960154e-05,3.141572282867354,-0.05219184564035807,1.5707961868129923,0.9996595206769843,-1.0183719586406043e-05,0.02609296104395353,1.9456327610622959,-0.00013816793613965364,893.4014945984833,0.020335844326373698,4.033963848826413,-0.0017246133595409552,41.497855844793115
1.0460458424545989,-0.0003221696212730009,-0.0020833053364623733,1.7002121319422847e-06,6.0882449671090935e-05,3.1415663488257968,-0.05215157764058746,1.5707961531072927,0.9996600457954165,-1.3150175055440581e-05,0.026072833892659582,2.0282990008254593,-0.00017666096575681063,894.25520110062,0.02055316706839916,4.094316274330713,-0.0020732526536946117,42.428367072496044
1.066599009522998,-0.000390210919066257,-0.0022890358929320656,1.8800753386168269e-06,9.135481858997108e-05,3.1415590336400623,-0.052106647755695734,1.570796114902795,0.9996606312130834,-1.6807030020792076e-05,0.0260503765786221,2.1130951114606202,-0.0002233402345812722,895.1372656840733,0.02076673863455536,4.155450047226275,-0.0024703209425829807,43.37312531549944
1.0873657481575534,-0.00046001008017462026,-0.0024994321039240345,2.050169748689485e-06,0.00017358895350533203,3.1415502090942606,-0.052056931854125243,1.5707960721303347,0.999661278379306,-2.1218373225061312e-05,0.02602552705269879,2.2000518533326248,-0.00027874822957091674,896.0482915022218,0.020976201343128942,4.217275575813387,-0.0028659574269939998,44.329688954330244
1.1083419495006823,-0.0005312659103410193,-0.0027144953649271613,2.2104939799846133e-06,7.641921110382934e-05,3.1415398161260026,-0.05200225202149576,1.5707960247610053,0.999661989417651,-2.6413728258786615e-05,0.02599819638277637,2.28918408477967,-0.000342964000157426,896.9885874894962,0.021170527189506627,4.2794770899430725,-0.0032565111165006964,45.29217218529518
1.129512476690189,-0.0006037312891319014,-0.0029340673565196457,2.361042358332474e-06,4.893000430039894e-05,3.141527805423402,-0.05194246485498278,1.570795972768269,0.9996627659735612,-3.2417745439848166e-05,0.0259683128859179,2.380467274994441,-0.0004159485601878446,897.9581214443602,0.021387224638726332,4.342512744119263,-0.003637922222189596,46.26967824058895
1.1508997013289153,-0.0006773477843487563,-0.0031583390693595533,2.502108276386518e-06,5.751560320785148e-05,3.1415141093175243,-0.051877319496564746,1.5707959160031826,0.9996636110553027,-3.926425253813328e-05,0.02593575116886131,2.474044999495923,-0.0004977096687560024,898.9587050302941,0.021612019339816824,4.406366739916939,-0.004007533428640416,47.261815830874056
1.172511720668732,-0.0007482727054283916,-0.003390477435261979,2.63175293093929e-06,0.00010071158094475695,3.141498694878139,-0.05180656794341779,1.5707958543197362,0.999664527594776,-4.6969714229129904e-05,0.025900387264446878,2.569991645455238,-0.0005879956161334393,899.9913363853158,0.021837321269266186,4.471216595287192,-0.004339658469344051,48.271694923831795
1.1943490419379983,-0.000812774143133405,-0.003633602246889457,2.7472677934287417e-06,6.26274182176739e-05,3.1414816403090557,-0.051729890140962714,1.5707957876142513,0.9996655194155507,-5.5495046693707985e-05,0.025862061190671526,2.668378820114261,-0.0006857777837016721,901.0572334815315,0.02205553909174185,4.537645689142043,-0.0046086811434843215,49.310345997122624
1.2164045810297401,-0.0008694462011831468,-0.003888417836981427,2.8468524799867467e-06,6.740997694103699e-06,3.141463073903984,-0.05164695842893969,1.5707957158162067,0.999666590390319,-6.477612936007814e-05,0.025820609162717154,2.7691970769543093,-0.0007897573662650271,902.1563412424679,0.022284337207043814,4.602668952744134,-0.004810308061824586,50.32029760572793
1.238688918236784,-0.0009156466970189816,-0.004156896791603203,2.9270756479100016e-06,8.20460473505278e-06,3.1414431668217837,-0.051557336941353636,1.5707956388304096,0.9996677457329963,-7.472741675780149e-05,0.02577581330953224,2.8725171821202684,-0.0008983240889415952,903.2894729530849,0.022527962729664175,4.668371916431823,-0.004922765614090248,51.34163304584191
1.2612168809664481,-0.0009529385817762977,-0.004437505988789635,2.9892824219976824e-06,0.00014598272593405263,3.141422118037917,-0.0514605359346745,1.5707955565625982,0.9996689912824914,-8.524945981597868e-05,0.02572742882850555,2.9784443233037816,-0.001009620021693644,904.4579307089355,0.022773921989393653,4.73376998773785,-0.00495648053499557,52.355527666656116
1.2839908029558418,-0.0009945212957090238,-0.004718549154953837,3.0504729912850285e-06,3.888206211066684e-05,3.1413999594008177,-0.05135626665399566,1.5707954687300525,0.9996703302081938,-9.632634760031035e-05,0.02567531137591902,3.087034501336229,-0.0011226935812107789,905.662569746078,0.022991189139154766,4.801136718678606,-0.00498018096887445,53.407860585955895
1.3069819920949965,-0.0010421019981625105,-0.004997815738507173,3.111469193940318e-06,4.612430594374839e-05,3.1413765554779265,-0.0512445684355989,1.5707953749268093,0.9996717613966138,-0.00010802578366565194,0.025619480597747303,3.1982247305069147,-0.001237430735025351,906.9032048726184,0.023235152771244216,4.869120383531946,-0.005005786929613477,54.47318466974205
1.3302171448662408,-0.001076330639386465,-0.0052918792230309455,3.1528782421394525e-06,1.5359020941580992e-05,3.1413519092055244,-0.05112506135527332,1.5707952746543028,0.9996732890593226,-0.00012034631202709625,0.025559746577431083,3.3121769944484214,-0.0013529312354218573,908.1817993832269,0.023480022398777223,4.937843256135934,-0.004917547296878914,55.55175988634832
1.353697167265018,-0.0010895026108396569,-0.005606938359775801,3.1642104138659316e-06,7.053459613083868e-05,3.1413264474266893,-0.05099714211524982,1.5707951678427046,0.9996749201929203,-0.00013307458742520788,0.02549580774655088,3.4289538271331583,-0.0014656741493261328,909.4993694729152,0.023734696343606476,5.006778628272881,-0.004671197129293781,56.632711406794954
1.3774318636086245,-0.0010983643883444427,-0.005927874675240966,3.1676861905954166e-06,0.00010667313376763163,3.141300499298164,-0.05086024211115288,1.5707950543153357,0.9996766612281801,-0.00014604609235955204,0.02542737987468388,3.5486202416032233,-0.0015728378584518835,910.8566271511935,0.023979036831177414,5.075019829522809,-0.004368400301668289,57.70041409011968
1.4014109004398019,-0.001112826772058274,-0.006245180052382197,3.176036582275826e-06,7.87310388429124e-05,3.141274006841624,-0.05071427701394915,1.5707949335079343,0.9996785122982643,-0.0001592898179194803,0.025354420787184036,3.671157453999962,-0.001673773649420677,912.2535322815622,0.02421722704628526,5.143007952032846,-0.004064328806536344,58.765024584082205
1.4256281274860871,-0.001142410888627273,-0.006549419128119418,3.1956427832106476e-06,7.136607472225427e-05,3.1412467516791276,-0.050559304470165496,1.5707948047128313,0.9996804716528336,-0.00017291493112781418,0.025276959272283215,3.7965451200798417,-0.0017688351887781895,913.6898723314289,0.02446455006936188,5.21028289757064,-0.003814653905855807,59.81893147781845
1.450092677555449,-0.0011960495587019125,-0.006831814971018543,3.2262161429629084e-06,0.00022629118495958144,3.1412182036664302,-0.05039556859754551,1.5707946670258148,0.9996825351048222,-0.00018718643555497343,0.02519511732197069,3.9248768339176223,-0.0018598014071311514,915.1670695088706,0.02471620073104197,5.279119189635454,-0.003650936687392589,60.908242984098045
1.474808878286491,-0.0012683472848510477,-0.00709616481198701,3.2583990618806287e-06,3.7180269853993575e-05,3.1411877795029683,-0.050223413222626336,1.5707945196317477,0.9996846971751664,-0.000202395905296528,0.025109066765966692,4.0562348014005964,-0.0019485220952006783,916.6865371974656,0.024932148355572004,5.348256788830144,-0.003546267041977706,62.007794489405114
1.499741026642063,-0.0013531120148851917,-0.007346427591507036,3.2873234373966173e-06,7.281265323797476e-05,3.141155133168196,-0.05004333530071852,1.5707943620065783,0.999686950479814,-0.00021871631008400625,0.02501905597490388,4.190469039954987,-0.0020356338151762804,918.2468462442108,0.025197132147444457,5.417771700114401,-0.0034608148749335752,63.11921784231943
1.5249381587895074,-0.0014371632752626258,-0.007594116782466943,3.310785865928587e-06,0.00010423911725999787,3.141119954582496,-0.04985512131164168,1.5707941930258258,0.9996892965190375,-0.0002363026655103559,0.02492497819286442,4.327887682369058,-0.0021210950447430087,919.8519086238271,0.02545595390060984,5.487701241252127,-0.0033175614612363877,64.24171264685991
1.5503941126901173,-0.0015053665165856063,-0.007851852122192348,3.3269349013132092e-06,8.35408020509986e-05,3.141082474825596,-0.04965854133055,1.5707940117088812,0.9996917369614894,-0.0002550394909982924,0.024826718463689217,4.468520836397438,-0.002201775039784007,921.5025132294611,0.025709434331880443,5.559857085653438,-0.0030116385690082343,65.41058294007394
1.5761035470219977,-0.0015592119831275048,-0.008117214914579167,3.335829901328946e-06,4.21824321455614e-06,3.1410430626673147,-0.04945326902384943,1.5707938170391316,0.9996942745942395,-0.00027474248194637736,0.02472411364005592,4.612435196408328,-0.0022732993330375722,923.2001546689636,0.02597076024188749,5.633442319045079,-0.002553436743629207,66.61068819578556
1.6020743072638852,-0.0016003523680358461,-0.008387538338612641,3.3380794870367414e-06,0.00013273165435251377,3.1410020163551304,-0.049238952145261784,1.5707936079122657,0.9996969124020009,-0.00029526258385710775,0.024616987619434153,4.759729965220603,-0.0023318441082792775,924.9463931088405,0.026255343094716554,5.707793007498111,-0.0019540564697290916,67.82939538104557
1.6283296503586018,-0.001632886700413938,-0.008658029265443937,3.3352854312333113e-06,7.044246544472655e-06,3.1409595705960727,-0.04901516893101232,1.5707933830845882,0.9996996540859187,-0.00031648250348978636,0.02450512954787569,4.910607498968951,-0.0023734948423786003,926.7441514574757,0.02650930271751295,5.782958573236923,-0.0012314314267549333,69.06847415001761
1.6548389530761147,-0.0016600261480214464,-0.008923796957222297,3.328899414430184e-06,1.4779432207125799e-05,3.140915920505879,-0.04878211281355023,1.5707931418037266,0.9997024956873042,-0.0003383047281616851,0.02438863607453191,5.064914253966477,-0.0023953724008902613,928.5917512897365,0.026799037666764836,5.856495415875977,-0.0004312946137373534,70.27938363974438
1.6816379907428796,-0.0016594075168519353,-0.009203965895504002,3.3133585699929973e-06,7.119186192658671e-05,3.140871367589783,-0.04853925567100912,1.5707928826501978,0.9997054420087609,-0.00036057857531346187,0.024267243178150856,5.222871634814222,-0.0023935503566690016,930.4919058087705,0.02708986633549526,5.929260050619047,0.0005775395883354271,71.47710154912302
1.7087278570783748,-0.0016216039546630054,-0.009505353256268225,3.2851651482238383e-06,0.00022739372872989158,3.140826874468421,-0.0482858618544535,1.5707926044140892,0.9997085002993334,-0.0003828228974289563,0.024140583103813115,5.384491477067365,-0.0023608970212007146,932.4446835176389,0.02736856908494789,6.000630201973269,0.0018366945244609962,72.64816851362131
1.7360964261633227,-0.0015833827183985181,-0.0097923428671696,3.2584685407934637e-06,7.885054883518256e-05,3.1407830595882094,-0.04802171865847954,1.5707923063720424,0.9997116712376615,-0.00040472857054753254,0.024008549486272648,5.549719434852548,-0.0022920475311211243,934.4495210209886,0.02760738893514003,6.071111951548867,0.0031532469503083088,73.80752416804549
1.7637038150984627,-0.001552701588181066,-0.010055284172513758,3.235430500876505e-06,5.566078990730939e-05,3.140739771073311,-0.04774771509692064,1.570791988515012,0.9997149420736774,-0.0004263715044464451,0.023871586656153413,5.718322119313839,-0.002186265444217608,936.5037170725153,0.027889301635732222,6.141219400226738,0.0044927136919349405,74.96766249869007
1.791593116734195,-0.0015011606238248256,-0.010318860192215652,3.2084976156245714e-06,0.00011654441694710168,3.140697140856199,-0.047463611047874006,1.5707916497784973,0.9997183136771659,-0.0004476857616853521,0.023729574541177467,5.890628507747699,-0.002039265483203636,938.6118908010272,0.028180560548135336,6.213314031605339,0.006049038184383329,76.17505180657649
1.8197736772823303,-0.0014259046232848918,-0.010583866197229709,3.177785851421338e-06,0.00017990905738812416,3.1406558839659886,-0.0471690591437003,1.5707912893824798,0.9997217881808753,-0.00046831393295525503,0.02358233946243579,6.066792235944062,-0.0018433985134739446,940.7767420505791,0.02845770384418156,6.287388304885065,0.007840684266565562,77.43025953165649
1.8482313811265119,-0.0013388603661162884,-0.010837086746512764,3.147206316106107e-06,5.772315058031207e-05,3.1406165369792083,-0.04686422701841561,1.5707909072370043,0.9997253614869023,-0.00048798779447157897,0.023429965167193575,6.246826302627684,-0.0015920516875954382,942.9993589123044,0.028719540599727145,6.363429980252855,0.009806268264587538,78.73569200855651
1.876950921726239,-0.0012460520159175022,-0.01107056492604804,3.118405479055654e-06,4.770170392800116e-05,3.140579442044752,-0.04654956755916317,1.5707905036705847,0.9997290261185986,-0.0005065362987866208,0.023272677989903706,6.430710204085353,-0.0012800848403592055,945.2802653645398,0.029018877722657654,6.439636288636979,0.011877152522794183,80.05485946149798
1.9059697994488967,-0.0011549437629728562,-0.011275008009275818,3.092456007416003e-06,9.074736028106559e-05,3.1405446339806065,-0.046225264814302565,1.570790078694812,0.999732777702342,-0.0005239420240403137,0.023110569881748547,6.61871420705525,-0.0009040027917933588,947.623225431647,0.029324242878472573,6.515322158550861,0.013997404025467963,81.37429063193593
1.9352940423273692,-0.0010868476602992224,-0.011427650775771967,3.0703886064881153e-06,5.978498284457439e-05,3.140511866484159,-0.045892239836140214,1.5707896332628188,0.9997366033200659,-0.000540328056105508,0.022944101197317924,6.810889918248495,-0.0004627320620989898,950.0291740903178,0.02962019857380116,6.589136911993702,0.0160234884167795,82.6675840585104
1.9649142409011704,-0.001046840331497261,-0.011520773888274745,3.0503082655545885e-06,2.2692602678473878e-05,3.140480320982471,-0.04555225379498448,1.5707891692364677,0.9997404805621375,-0.0005561035287194405,0.02277415224288169,7.007171143688621,4.115662770164336e-05,952.4975064618578,0.029928312327476947,6.661484930171955,0.017937459821274534,83.94437683700072
1.9948425532286473,-0.001005131222572022,-0.011579762096638576,3.0302475197884605e-06,5.9575101956933955e-05,3.140449619150281,-0.04520649774360319,1.570788687766089,0.9997443941152371,-0.0005714575248983386,0.022601318354802676,7.207646176263037,0.0006081282816491735,955.0296371952409,0.03025073225007424,6.733426829318177,0.019915764658502352,85.22493563259128
2.0250932854787216,-0.0009412133373196767,-0.011621394154971302,3.0099039135309138e-06,0.00015219212366330979,3.140420087568089,-0.044855581588182376,1.5707881894919138,0.9997483357597301,-0.0005862267747711395,0.02242590438406638,7.4124661922963755,0.0012434997798438598,957.6281625231715,0.030565468400244544,6.80573252440437,0.02208034309653976,86.52447250516484
2.055658753878966,-0.0008266272806865244,-0.01167024713911458,2.9892455653568792e-06,7.860289879936224e-05,3.140392970202726,-0.04449963295115769,1.5707876748784173,0.99975230311727,-0.0005997894303939607,0.022247974112697074,7.621632091076621,0.001956659132002995,960.2936896106315,0.030855170317181102,6.878563422428313,0.024578943123602502,87.84438328017289
2.0865139241961472,-0.0007232068047217303,-0.011664514015139656,2.968601887004935e-06,4.9141393415594646e-05,3.140369192658493,-0.04413941561338738,1.570787145823004,0.9997562867494537,-0.0006116827575959424,0.02206790932410963,7.835041044996249,0.0027553385940135154,963.0257405999689,0.03117032413237153,6.95272249302004,0.027120018659559552,89.2107741319021
2.1176842483285188,-0.0006605948046180544,-0.01157285596026055,2.9471826201031555e-06,0.0001015506760166542,3.1403477452677673,-0.04377704519134108,1.570786605761863,0.9997602620972607,-0.0006224113965794886,0.02188676754694787,8.05298962443709,0.003640466301898737,965.8297079591028,0.031497880166216685,7.029553522169914,0.029594515080736607,90.65835479208228
2.1491821284947354,-0.0006314221333295054,-0.011399752410494427,2.9250727557398855e-06,7.00631405422139e-05,3.1403275089719904,-0.043415039789137425,1.5707860583959434,0.9997642009313485,-0.0006325346753011882,0.02170580752139414,8.275669643410728,0.004611818047000064,968.7095527333048,0.03181237053780528,7.107749707263678,0.03200645063261014,92.15804132669052
2.1809944990325407,-0.0006242576268340644,-0.01115365566058061,2.902762849131015e-06,6.799247394953062e-05,3.1403075859418803,-0.04305614189217612,1.5707855075618755,0.9997680735637783,-0.0006425013414160064,0.021526400173459963,8.50307743692347,0.005669090441394801,971.6665875765121,0.032140017867841486,7.18662462931856,0.03439331242913857,93.69400396666278
2.213134516900382,-0.0006266109614403933,-0.010843829509252074,2.880406511046073e-06,0.00013804622802946007,3.1402875318980956,-0.04270247842983,1.5707849561301128,0.9997718579864722,-0.000652533441605325,0.02134960874581012,8.735368187927419,0.006814441052106117,974.703902885064,0.03247170527111143,7.266071263845432,0.036815578769557655,95.26310218905355
2.2456062221714936,-0.0006366820111738474,-0.010469486084716765,2.858228632047091e-06,0.00024611750023710886,3.1402670641712915,-0.04235627271776073,1.5707844071398684,0.9997755319513483,-0.0006627722386812863,0.021176544680152874,8.972627259030196,0.008050468118471026,977.8236430712692,0.03278406806479017,7.3445664998042774,0.0392373336673933,96.8299050865587
2.278390290236284,-0.0006650368074352955,-0.010018734826051662,2.837763949386612e-06,0.0001940774089943698,3.1402458421443544,-0.042020188571400996,1.570783864326615,0.9997790692927523,-0.00067338795770027,0.021008539633897504,9.21471626408737,0.009376994556852024,981.0245036955001,0.033064005484706005,7.421501779732828,0.04158756732351307,98.3813880245896
2.31145429572099,-0.0007304305336913934,-0.009472531760876238,2.8228940102369314e-06,0.00020428771351389694,3.1402229003466053,-0.04169770203981382,1.5707833324560105,0.9997824359871621,-0.0006848631728828063,0.020847331303259043,9.461402475055648,0.010790309344325157,984.3040702005628,0.033363539779883045,7.497738952985554,0.04380085089001207,99.94022275802435
2.344817835500873,-0.000837709241489719,-0.008824585773878978,2.817608703501506e-06,2.7116577500298426e-05,3.1401968810244494,-0.041392201089730844,1.5707828157894217,0.9997855997645502,-0.0006978765715822037,0.020694613367644516,9.712862301302819,0.012287938063409934,987.6656542639225,0.03366238110489839,7.573767595373337,0.04587192188572624,101.51835962057777
2.3784802166057712,-0.0009818727202223908,-0.008078529856692067,2.8239565764505864e-06,2.830066904682504e-05,3.140166344953292,-0.04110747332993879,1.5707823190360055,0.9997885250226681,-0.0007131475706274122,0.020552279299699664,9.969113092325752,0.013866005853639462,991.1103799023097,0.03402353921139145,7.648316959321854,0.047788479945394605,103.08405376901787
2.4125037558171627,-0.0011432379971374155,-0.007251155162695642,2.838079215269352e-06,7.559521657967247e-05,3.1401301902396415,-0.0408465448589749,1.5707818458484681,0.999791184792291,-0.0007312269770012299,0.020421841913370303,10.230615026878647,0.015524616476320094,994.6448476903868,0.0343881692534862,7.720620759916869,0.04962960293289221,104.61464874314449
2.446891925070649,-0.001244180259939638,-0.0064154259795548545,2.8357266919220857e-06,0.00030030000042538703,3.140088912750113,-0.040611628468823,1.5707813997861584,0.9997935612998423,-0.000751866888499973,0.02030440747687682,10.49737473365376,0.017269020593018537,998.2692534679485,0.03474044330424997,7.791523904546435,0.05182233103274644,106.11957397675525
2.481632368374899,-0.0012978508575413096,-0.00555927742078301,2.821481606144758e-06,0.0007740474523733966,3.1400447783863275,-0.040403456534964216,1.5707809838329174,0.9997956524492089,-0.0007739345706520519,0.020200342221794985,10.76934547318386,0.019115271643171856,1001.9835798135432,0.03501826262920593,7.864285599251665,0.054426802225026605,107.67959183101462
2.516650631004105,-0.0013553458512398906,-0.004636419562754484,2.808688886540447e-06,0.0003785901999290655,3.1399983340314037,-0.04022478162995329,1.5707806045405932,0.9997974348610508,-0.0007971565666873274,0.020111022248507002,11.046084358116337,0.021070841473305294,1005.7836315438167,0.035132405548380596,7.9376840514043945,0.05714804834357007,109.27045583990945
2.5517830365524854,-0.0014046231386305992,-0.003664392129865612,2.7941039108447206e-06,0.000317144562831844,3.1399498269283916,-0.040078849115254764,1.5707802699577154,0.9997988799944578,-0.0008214091869264939,0.02003806999674257,11.326296073576914,0.023130741173664333,1009.6520135892798,0.03538585416500739,8.013064525956715,0.0601070400442049,110.9239820433941
2.587168890717493,-0.0014097821687261568,-0.002675210862563798,2.7682639592938883e-06,0.0005034652858026462,3.1398998276220724,-0.03996673860737252,1.5707799845767612,0.9997999808125644,-0.0008464071625916743,0.019982025247149354,11.61126175139073,0.025318022274757285,1013.608575815464,0.03566287424832648,8.090407976474971,0.06348430476302161,112.63258700713928
2.6228317649658193,-0.0013587232825002693,-0.00168276122386434,2.7295205868727e-06,0.00027651254346253054,3.139850449980375,-0.039888910378157304,1.5707797529480438,0.999800736434444,-0.0008710937134281747,0.019943118175572625,11.901221885080504,0.02765122223019699,1017.6572080946031,0.035875615673298444,8.168582115523334,0.06729481402061104,114.36450864578704
2.6587073806391177,-0.001320959431198638,-0.0006269505567623851,2.693127122267257e-06,6.903069178906436e-05,3.139802464513067,-0.03984728243455391,1.5707795823274981,0.9998011301237522,-0.0008950835644356322,0.019922307649653703,12.195721918896782,0.03013680196915701,1021.792432335283,0.0361710468683234,8.247064367320638,0.07117323832061712,116.11354403020488
2.694878427507441,-0.0013567886815650195,0.0005470496619924567,2.674798235780101e-06,0.0010276786574976756,3.139754328655659,-0.039845454299544864,1.5707794822696954,0.9998011264999636,-0.0009191477122241903,0.01992139308153672,12.495503801317604,0.03278065612177224,1026.025656764703,0.03654395925999454,8.326144948017744,0.07483644032745099,117.89151275209568
2.7314223867674357,-0.0014567744432588724,0.001826979006126249,2.674773785005363e-06,0.00011126772264721261,3.1397029629347375,-0.0398887004095649,1.570779465505416,0.9998006715682142,-0.0009448254067585033,0.019943011130090824,12.801256880066875,0.03558044719044797,1030.367474039721,0.03657038834193482,8.405368414773083,0.07830955368061066,119.68235923089486
2.7679927751093705,-0.0015564146363893036,0.0031334792940547395,2.6735488595374426e-06,0.00043931538725476175,3.1396477862397076,-0.03997941074213531,1.5707795420444222,0.9997997395749902,-0.0009724069915357915,0.019988356511322965,13.11010785038329,0.038509855126257354,1034.7774295045044,0.036931971575424605,8.482135844687093,0.08177901724221424,121.41139972682411
2.804924746684795,-0.0016070870266089903,0.004422848231257837,2.656740363822237e-06,0.0003335348510195904,3.139589176840154,-0.040119081145629516,1.5707797198610705,0.9997983123221128,-0.0010017032241849452,0.02005817694203267,13.424848579975489,0.04160242044320416,1039.2946664402177,0.03717597542880702,8.560075242266505,0.08565563477215155,123.15775840102387
2.842100722113602,-0.001597375716327352,0.0056714250380679575,2.624758387439841e-06,0.0010790452551627816,3.1395294114181964,-0.040306882634811164,1.570780004219884,0.9997963940591722,-0.0010315758744895772,0.020152057945810112,13.744602764066181,0.04486884429872903,1043.9072836451758,0.037460916324262516,8.639940875902509,0.09002811663523666,124.93567666509932
2.8795616384378646,-0.0015660709224989324,0.006907437472621455,2.588235841081334e-06,0.0002989267403234707,3.139470313154648,-0.04054234992169339,1.5707804002228622,0.9997939836400385,-0.0010611134115865134,0.02026976682033383,14.06987879389791,0.04833386919451107,1048.623486805337,0.03746876616369166,8.723862894187699,0.09481846380923006,126.79826910460922
2.9170304046015563,-0.0015874550347066464,0.00818039542945091,2.5617866676970334e-06,0.00012557247372182748,3.139411251655233,-0.040825036479444035,1.5707809129035706,0.9997910768918076,-0.001090630834401316,0.020411080173220447,14.398303307200118,0.051972365809517494,1053.40873465982,0.037768918430159726,8.803095621313908,0.09920985174714461,128.53623980577157
2.954799323031716,-0.0015677233117102763,0.009397463724774876,2.5276715668321573e-06,0.00041867911522418884,3.139351473146357,-0.041157249037563945,1.5707815524251276,0.9997876396528136,-0.0011205047292105602,0.02057715091452602,14.73231128079402,0.05580808834511139,1058.2965187144553,0.038136949167721035,8.881887627537724,0.10385512823237021,130.23767032769047
2.992936272199437,-0.0015833798563428465,0.010620232720466456,2.4986149666951506e-06,0.000749150320612588,3.1392916729140485,-0.04153880001564161,1.5707823242491574,0.9997836619018248,-0.0011503873523570527,0.020767885032859926,15.072691903227756,0.05986518994478809,1063.2991075610662,0.038396784167217035,8.966583895803327,0.10873649309051336,132.0611117691784
3.031333056366654,-0.0016378041094597738,0.011834273478244603,2.474523748899919e-06,0.0004868855662913222,3.1392295736917113,-0.04197029417400116,1.5707832361148002,0.9997791218329747,-0.0011814168673045544,0.02098358451439954,15.418681496844313,0.06413494038372496,1068.406293295344,0.03853149916136278,9.051544496685581,0.11352330964183464,133.86625020610066
3.069864555528017,-0.001590219716812004,0.012886066639748665,2.438124593708102e-06,3.8144501513254664e-05,3.1391668547854845,-0.042447256690695497,1.5707842849838647,0.9997740516840681,-0.0012127537201804266,0.02122201213259568,15.76910914207616,0.06861039542792076,1073.5989517425946,0.0387677413442451,9.135233017135173,0.11876613380659672,135.59722196323764
3.108632296872262,-0.0013502883283022854,0.013676416703870806,2.3935290779282176e-06,0.00011484422767147137,3.1391091328812477,-0.042963080227009676,1.570785459661219,0.9997685096235338,-0.0012415902493026689,0.02147986471206676,16.12499985643246,0.07333755278558438,1078.8911112055753,0.039179398737348325,9.222975261171893,0.12515421319070938,137.3662897888494
3.1478116956096103,-0.0008979558125294753,0.014173375408290488,2.3530112704636923e-06,0.00031454950872366943,3.139064348955212,-0.04350966086944437,1.5707867393454669,0.999762574014352,-0.001263957126453071,0.0217530910405327,16.488282847188877,0.07839442519733904,1084.3116049170192,0.03956537684557304,9.319797637679464,0.13303521088192855,139.2823655097628
3.1873770724551833,-0.00032828851710230676,0.01444905547023391,2.3189749224002223e-06,0.0003352460515904834,3.1390400412507957,-0.044076293415621075,1.5707880899052633,0.9997563554680848,-0.0012760866529456186,0.02203633963349275,16.859101894475515,0.0838334136696054,1089.8629979787286,0.03987614329238198,9.421429612657743,0.14169283196559881,141.25160076436507
3.2272532157475653,0.00023620051291510893,0.014601165218606663,2.2868494288756233e-06,0.0003742387565623881,3.13903816672178,-0.0446559497662596,1.5707894818031236,0.9997499255490749,-0.0012770011335420737,0.022326097122398827,17.236904978412593,0.0896595607226458,1095.5359984717616,0.04018109767268374,9.524539044037224,0.15033073180879933,143.20756561589062
3.267434313420249,0.0007906756099791174,0.014616378015037094,2.2554528111799596e-06,0.00024047361386197473,3.13905884368981,-0.04524337312582461,1.570790888639843,0.9997433381596927,-0.0012666419663994466,0.022619735609070758,17.621722312340967,0.09587318836996774,1101.3295985634475,0.04047271650677997,9.625423877386623,0.1586621917293472,145.06669241961
3.307907029927029,0.0012903364227444094,0.014520831208082032,2.2231707669978664e-06,0.0002914819713626653,3.1391011218282423,-0.04583336816113352,1.5707922839196458,0.9997366484649696,-0.0012454847713261282,0.0229146579585947,18.01346589921472,0.10246382631482424,1107.2406833054042,0.040820590184342365,9.731053700212872,0.166828720813451,146.98643128955229
3.3487276201113714,0.0018079676615548788,0.014229961939540712,2.189595721512919e-06,0.0002334563788029886,3.1391641292576593,-0.04642097575775595,1.570793643016073,0.999729911662407,-0.0012139659477733177,0.023208385177973457,18.41304127339068,0.10944785938268371,1113.2832158475198,0.04115063201537916,9.843331483271005,0.17519751656936136,148.99786613877083
3.3898782521267505,0.0022891214425638023,0.013781976160798287,2.1538332363702736e-06,0.0008464333511358554,3.139248843519093,-0.04699755401764735,1.570794933025748,0.9997232299336903,-0.0011715975978900065,0.023496597475914247,18.820574207208654,0.11683189682875883,1119.4585798598928,0.04150722019219044,9.960072707943564,0.1833477811875055,151.05611722677764
3.431385472318941,0.002632180717824357,0.013262096293191514,2.116983863935158e-06,3.873913556765233e-05,3.139351389501999,-0.0475590853783274,1.5707961347622967,0.9997166522644543,-0.0011203172673249983,0.023777286625272953,19.236519506931,0.12460021368739277,1125.7727849852458,0.04161246865946833,10.078764670381219,0.19064834444666237,153.11553452268217
3.4729979409784093,0.002844878419871912,0.012656829434615326,2.080134522178657e-06,2.1326249400170545e-05,3.1394657020704386,-0.04809869875874734,1.570797228533381,0.9997102630196579,-0.001063157190156835,0.02404701808553191,19.65845570202156,0.13267198345609296,1132.1878405970147,0.04205408550407563,10.196304306556707,0.19695974741976777,155.11339134778865
3.515052026482485,0.0029616322430076007,0.011926578940127879,2.0433254521117075e-06,0.00010175282487479772,3.139587959401182,-0.04861615432341853,1.5707982129859384,0.9997040710607908,-0.0010020278837873993,0.02430567209746215,20.089862264270778,0.1410791194567916,1138.7551162343555,0.042507711885463095,10.317664744071044,0.20263766615039783,157.14758793632805
3.557559738367948,0.0031073180957017425,0.010950961761596077,2.004277222099278e-06,0.0002024345718455523,3.139716704526332,-0.04910331871387299,1.570799074637737,0.9996981834158175,-0.0009376579817771812,0.024549183362611984,20.53122878117615,0.14981663378532253,1145.4816231455666,0.042932043918570084,10.445666035477696,0.20831534701284873,159.26496999449984
3.600491782286518,0.003181116742535953,0.009828716822527462,1.966231180696773e-06,0.00010848325809661943,3.1398521535985946,-0.04954962489706076,1.5707997986440512,0.9996927415158595,-0.0008699398207051613,0.02477227022851866,20.982598414473173,0.15887623786305957,1152.3672608357251,0.04331738710238309,10.578192536502048,0.2134357579778598,161.4321604213379
3.643809169388901,0.0033105435525648415,0.008449756669992932,1.9241938054857078e-06,2.637399428267177e-05,3.1399918351527445,-0.049947022820008916,1.5708003807316702,0.9996878578816637,-0.0008001089326981199,0.024970909216180757,21.44382350372396,0.16823095812401606,1159.408875083536,0.043746886247658434,10.713268972908098,0.21846432519703862,163.60108784062095
3.6875560556365596,0.0035499016153271758,0.006777237893487654,1.8743175836636109e-06,0.00025543018984146065,3.1401422435190365,-0.050280350332135,1.5708008091629129,0.9996837396004027,-0.0007249194709993895,0.02513752204682284,21.91563103025603,0.1779080500211211,1166.6159482748963,0.04421656419510489,10.852672459139491,0.22368127487316056,165.806007439928
3.7317726198316645,0.0037247081975044683,0.004995076305736722,1.8272375956502583e-06,7.189474618689117e-05,3.140302758485498,-0.05054141370727197,1.570801087777619,0.9996805048034387,-0.000644681433588371,0.025268013537146753,22.39873283828302,0.18790219804341343,1173.9985333186332,0.04459000394738588,10.994271578229734,0.22822883434996097,168.02416124422615
3.7763626237790504,0.003936819520474373,0.0030403154740891833,1.7763909298660449e-06,0.0001777936292824823,3.1404742041308813,-0.05072035733591317,1.5708012259412234,0.9996782916189395,-0.0005589827654864618,0.025357457807769605,22.892224799405348,0.1981805465353255,1181.541488867135,0.045048436120644464,11.135419526933672,0.23246633278237583,170.20227518094717
3.821411059899695,0.003931429903307731,0.0011849501994599474,1.739913609249722e-06,0.00025175811823429,3.140651645078772,-0.05081557061134133,1.5708012472672759,0.9996771289617883,-0.00047028987558671846,0.02540505004950853,23.397102767186368,0.20872024636130226,1189.2591407942928,0.045463875668457554,11.275151938777025,0.2352531444041736,172.349573471318
3.8668749355681524,0.00407238161184495,-0.0008676806679961467,1.6942507964012379e-06,0.0005188058888938174,3.1408329790753036,-0.050823430262165084,1.5708011785936329,0.9996770676472607,-0.00037965297413332475,0.025408979349360573,23.913125257340553,0.21948602485351018,1197.1477330614503,0.045849519302951336,11.421051641631081,0.23831099965762176,174.5934657094524
3.9127244548711038,0.004199719318282586,-0.002917571665809119,1.6502262985838378e-06,0.00021452742906427982,3.141023059842139,-0.050736118044075476,1.5708010466504336,0.9996782075189445,-0.000284645375663495,0.02536533786595328,24.440217444583922,0.23047499067057792,1205.2060167313603,0.04611599400911093,11.56641723754366,0.2408087379444367,176.8249673383027
3.9588404488802147,0.0040683017935286055,-0.004675185055419031,1.618772220065724e-06,0.00031647862765572083,3.141214904921225,-0.050559583932191246,1.5708008902690183,0.9996804652529361,-0.00018875630892109383,0.025277099448177163,24.9770806301792,0.24160838782405142,1213.4147104462052,0.04652433848687609,11.712401166530652,0.24168590365766981,179.0983307795933
4.005364787367091,0.0039031708495348384,-0.006299176611246775,1.5879735260677914e-06,0.0003662865046461344,3.141399905703073,-0.05030413703579849,1.5708007452662196,0.9996836987603807,-9.628789947243263e-05,0.025149416720049424,25.525497363198937,0.25285850389693126,1221.8025622245261,0.04688886662226199,11.85929341101845,0.24191255093548805,181.40869619254647
4.052253653989353,0.003965717705197274,-0.007972649930253838,1.5502026696474032e-06,0.00010027126367229468,3.1415832128000787,-0.04996983945803146,1.5708006399566317,0.9996878931163272,-4.665045195606736e-06,0.02498232036306576,26.08511147154717,0.2642150357120366,1230.3649387601852,0.04723289656448859,12.006233960709437,0.24261204023399208,183.72795638575604
4.099486550553841,0.0040336683138677935,-0.009424787093368468,1.512926083126868e-06,9.710070634391592e-05,-3.1414121167456592,-0.04955692722265723,1.5708006048789684,0.9996930254969426,9.029370895999807e-05,0.024775927846925207,26.65571172078397,0.2756856898004155,1239.0991245944692,0.047705097404443286,12.14991553359523,0.2428233952594751,186.01803920732007
4.147191647958285,0.003566132270250572,-0.010088757971351763,1.4792005849664031e-06,7.538897317708084e-05,-3.1412276371516836,-0.049087160398921026,1.5708006644371322,0.9996988047931226,0.00018250647577151155,0.024541115345567875,27.23884965520566,0.2872229872179854,1248.0313571384336,0.04818353148935017,12.291958480254948,0.24024466559062993,188.36263395473696
4.195375179447635,0.0025158576520934992,-0.00986096076066684,1.442143305601353e-06,4.3521640978078285e-05,-3.1410799327046233,-0.04860391259720558,1.5708008101226223,0.9997046891255804,0.00025633921362977545,0.02429956293404649,27.83458661880921,0.29867160455823094,1257.1667925553863,0.048677225266103186,12.430374374247515,0.23472836789372595,190.73228859137217
4.244052404713738,0.0012309209212469083,-0.009023386419802524,1.408009009382278e-06,0.0001635224359961783,-3.140988154499896,-0.04814206129982089,1.5708010031946664,0.9997102610459345,0.0003022182581314683,0.024068704393844627,28.44308713645018,0.3099325312282953,1266.5114706114337,0.04919148961681152,12.565269475573944,0.2278589327977085,193.10489338800735
4.2932438943305495,-0.00027404083903688524,-0.007555214960330355,1.385064028887621e-06,0.00017221361601195775,-3.1409633925732705,-0.04773134590674101,1.570801192918713,0.9997151788407743,0.0003145989663648867,0.023863405541441254,29.064530393024757,0.32094902493319,1276.0708997830213,0.0496521568804722,12.695008579536111,0.2198841454446983,195.4462265143381
4.342896051211022,-0.0017079134337777437,-0.005715458959335136,1.3704252725181127e-06,0.0003094091579565068,-3.141015320304189,-0.04740266000615263,1.5708013276364823,0.999719094953656,0.0002886448206537394,0.023699109307293367,29.69809172219134,0.33166342972107926,1285.8347192338767,0.05011282283136609,12.820847881216224,0.21222270176586105,197.75624647547392
4.393008874042388,-0.002653126875605082,-0.0039034215492449193,1.3491816354618681e-06,0.0008093802128223174,-3.1411252799547786,-0.04716054184825917,1.5708013896071928,0.9997219709790278,0.00023368153575576884,0.02357808452984764,30.343931169371317,0.34215610751440984,1295.8069897984067,0.050509010219360384,12.94904096222207,0.2067586406892422,200.12603389155544
4.443517884261748,-0.003392770114988903,-0.0018773007659811415,1.327537172294959e-06,7.674308797172805e-05,-3.1412793482046073,-0.04701427474295164,1.5708013826225624,0.9997237076898672,0.00015666883048552998,0.023504971796342023,31.001268595142186,0.35248343905651147,1305.9768334087032,0.05065579939736509,13.074985386308356,0.20250167204580402,202.47531492515373
4.494173683659113,-0.0038031640954717836,0.00018568322579376115,1.3002903900576992e-06,0.0006279805648793738,-3.141462913456418,-0.04697136667146838,1.5708013288391924,0.9997242219050388,6.491090984987079e-05,0.023483524155210322,31.666913959198922,0.36267110651840995,1316.2958691676245,0.05117413836604179,13.201876995529046,0.20004435550247784,204.85280508209618
4.545347822025155,-0.004075368991953566,0.002404037393110388,1.2710804921149084e-06,0.0007459343967116662,3.141521201429734,-0.04703630425974092,1.5708012647518859,0.9997234603678012,-3.565813990862707e-05,0.023515984267633284,32.34591411799646,0.37287250839178365,1326.8433551959483,0.05141569024488479,13.329833986329074,0.19868738157278218,207.2612811406448
4.59676351227004,-0.0044456285643368594,0.004894931799529372,1.2454441554378514e-06,4.0371296508671996e-05,3.1413024825025047,-0.047223137763925414,1.5708012378994238,0.9997212493411967,-0.00014498712791640236,0.02360937511811143,33.03469757828572,0.38305788734551877,1337.5648788671708,0.05159773551873581,13.457969602366658,0.19754433178505684,209.6876570861411
4.648361247788776,-0.004917310124741479,0.007541552550245921,1.2230557829910117e-06,0.00010359067371078028,3.1410614745994474,-0.04754351631671674,1.570801310067994,0.9997174298160658,-0.0002654552287381837,0.023769519155284104,33.732408897966245,0.39322725103496864,1348.4469407452243,0.05214447993464333,13.580530225104226,0.19661162165552065,211.9931884936383
4.700505727723419,-0.005029577257667032,0.00979053648667122,1.1918433983704397e-06,0.0002500537839831398,3.140798228061363,-0.04799974540320297,1.570801554408737,0.9997119380338247,-0.00039703563819350467,0.02399756794932825,34.44394559170512,0.4034937838859319,1359.5642330970395,0.052664052395857475,13.705535196043442,0.1977882355504041,214.28952510510635
4.7531697801192765,-0.004427170717759125,0.011163924364664162,1.1540519835715036e-06,0.0003687117668155155,3.140547023117716,-0.04855483496641602,1.570802009849946,0.9997051813786446,-0.0005225921698091823,0.024275030897608567,35.16919275361769,0.4140232350736504,1370.9111372572795,0.05311166851639726,13.83160648418303,0.20240315459669003,216.5028490734096
4.806281448635674,-0.0036142870297516685,0.012001042938715203,1.1182672809206747e-06,0.00034983969441812474,3.14033363090989,-0.049171655903854444,1.57080266707912,0.9996975857172902,-0.0006292431171292215,0.024583348280406234,35.90743672108747,0.4249371635239036,1382.47256743393,0.05350006789870587,13.964720224885697,0.2085592605905706,218.78072503693164
4.85978151653438,-0.0027110914719208545,0.012291442803837387,1.0844637275927147e-06,0.00034726038164278335,3.1401635720159,-0.04982459264344439,1.5708034924339755,0.9996894496468137,-0.0007142297605698145,0.024909715746436707,36.65845432827807,0.4362852837580652,1394.2434437732131,0.05390140417154132,14.105686921787871,0.2157117646505739,221.13569777144647
4.913682920705921,-0.0014746683133827015,0.011704770962274399,1.0515312305614715e-06,0.0002847637835211432,3.1400491983410044,-0.050475462811313175,1.5708044100565228,0.9996812477440358,-0.0007713797968332962,0.025235047927856556,37.422836912215836,0.4481480479038516,1406.2293386992424,0.0543071413955909,14.251196829536093,0.22453979371526137,223.4736062432361
4.967990062101512,-0.0002153965733101594,0.010473577733753302,1.0167954717568442e-06,0.00026993249735462023,3.1400037819063455,-0.05108008494588075,1.570805308341255,0.9996735554632918,-0.0007940619874541425,0.025537261469298363,38.2009093603018,0.46059506720841836,1418.4305197392684,0.054749872880382355,14.397121517119377,0.2335969043340918,225.73214295981666
5.022739934981894,0.0010462771603304472,0.008601062668886987,9.78460990001682e-07,0.00026022902487544193,3.140026323503105,-0.0516052597756771,1.5708060896735718,0.9996668241291566,-0.0007827783316774949,0.025799762765060213,38.99335918862904,0.4736377333137007,1430.8534184588923,0.05520433378290157,14.54598942413702,0.24269494057656144,227.96533448828347
5.077944268764796,0.0023730016674561407,0.006064265137541232,9.347683329323226e-07,0.0001981702503442896,3.140120336377725,-0.05201293271417324,1.5708066641617953,0.9996615801254768,-0.0007357752041911044,0.02600353169400951,39.80085968689264,0.4872985815674932,1443.5054064180156,0.0556679237550215,14.704149776211148,0.25207115771053085,230.29951759201356
5.133612192519817,0.0036607470794132848,0.0030534191373725052,8.87837630965857e-07,7.767300057908016e-05,3.140290101839728,-0.05226698138536257,1.570806974215744,0.9996583278351181,-0.0006509143329143317,0.026130514032904763,40.62409401197024,0.5015928910291324,1456.3945698389707,0.0561699536524598,14.866401527361623,0.26099913055834245,232.65438410243195
5.189782146172277,0.004488793409397052,0.00011086051631007104,8.480394811786452e-07,0.0005530856232203231,3.140520047806792,-0.052356045481708594,1.5708070383283324,0.9996572314295044,-0.0005359789277344905,0.026175032032054905,41.463905922183685,0.5164525504397347,1469.5326437657284,0.05674419425421107,15.029859491525617,0.26770539034663826,235.02159267906202
5.246526340426488,0.0049035019375708744,-0.0026168535551054977,8.141212142673141e-07,8.998090827557202e-05,3.140790435849562,-0.05228146129865841,1.5708069278778067,0.9996582701812395,-0.0004008332765002816,0.026137753615194808,42.32157142396603,0.5317918190458,1482.9391369701736,0.05705453641057545,15.191562797921732,0.27218595994718087,237.3630018602145
5.303580876837064,0.004683054966629867,-0.004681520258634187,7.863488590113073e-07,0.0001146939544066556,3.141065578588135,-0.05207076383043716,1.570806747798103,0.9996610638962942,-0.000263312542475663,0.02603244117454253,43.192814235012875,0.5473704056415797,1496.547513039456,0.0576307981210169,15.339583586549264,0.27346188306391256,239.49216103230776
5.3612116749580805,0.004117243682285617,-0.006127160519018357,7.594278797009376e-07,0.00010080270885694576,3.1413208832682784,-0.05175562281069417,1.5708065824210447,0.9996651788988578,-0.0001357069826032584,0.025874923732010086,44.08097594403445,0.5631194763133776,1510.4094818562392,0.0581986378590269,15.474537075498416,0.27271223790413024,241.4194658383682
5.419410312817107,0.0028658150499935526,-0.006407593548612767,7.3154828034626e-07,7.612629344879828e-05,3.1415277110504456,-0.051384381788892514,1.570806481492923,0.9996699732823319,-3.23301194294097e-05,0.025689364617972856,44.985453458022,0.5788972604117999,1524.5170425179167,0.0587801570719968,15.599141853156189,0.26894616625702134,243.23617428195115
5.478190469889104,0.0012094474432469235,-0.0056104059224169785,7.04088245964256e-07,7.352965860246065e-05,-3.141538345959347,-0.05102789882402852,1.5708064422940364,0.9996745364637755,2.7274006819839422e-05,0.025511181254801306,45.905915389179334,0.5945407396279704,1538.8677398054076,0.0593819916449263,15.710736769627927,0.2633342945179504,244.88369731571302
5.5375724615340305,0.00019315421136572295,-0.0046227547330095565,6.780729077541268e-07,0.0005011559049972491,-3.141502214981301,-0.050725238774504945,1.570806425881917,0.9996783849690478,4.5332816989063436e-05,0.025359900083360126,46.84205798517331,0.6100523331214878,1553.456932763153,0.05999153017729242,15.81033943349977,0.25973270244698904,246.31763410201378
5.597563991711323,-0.00019648874361446707,-0.0034258909106843483,6.527796992752548e-07,0.0007067446331416796,-3.141500056778943,-0.050477854387177994,1.5708064095264322,0.9996815140939002,4.6410885224168915e-05,0.025236247470965218,47.79346399905444,0.625596722741886,1568.275707305821,0.06035078591326126,15.898243767492307,0.25824476000490665,247.54002211620565
5.657914777624584,-0.0012706230943553332,-0.0008856739064973143,6.325130818644084e-07,0.000574873097039199,-3.141540540422355,-0.05034115676314651,1.570806383159579,0.9996832373611387,2.6174878866935805e-05,0.02516792048897848,48.75540996920794,0.6410800201161567,1583.250698434198,0.06058811861780633,15.970997336720487,0.25445879885694755,248.55730156383072
5.7185028962423905,-0.0028899546819276174,0.0026541556187965293,6.207814347287579e-07,0.0005415634654388281,3.1415195926428656,-0.05039217165445634,1.5708063493831852,0.9996825947468928,-3.639262687778902e-05,0.025193420152364625,49.725234592630336,0.6563314755269432,1598.3423955734231,0.060906283128666416,16.034674174462758,0.2489137557184055,249.4628465328041
5.779409179371057,-0.003763844722980801,0.00569314906241257,6.021945190870313e-07,0.0004099323597954602,3.141311510375287,-0.05065133741808698,1.570806362156465,0.9996793125209639,-0.0001403994660857823,0.02532296198081935,50.70394270145792,0.6713860863329698,1613.5660940317198,0.061246406065500025,16.096041557184535,0.24605205952015433,250.2837540397577
5.840655585436557,-0.0038403262721949,0.00787059866638941,5.78958353126032e-07,0.00028461254494741337,3.1410770385121403,-0.05106962143617171,1.570806497725951,0.9996739712335384,-0.0002575936495696634,0.02553203637458156,51.69175285993937,0.6864517798542007,1628.9204649367584,0.061669047694546286,16.153162002093715,0.2460756204632525,250.95358727763093
5.902324633131103,-0.003888955997290485,0.009616332613682759,5.561792036007357e-07,0.000407835185419067,3.140839780104451,-0.05161064751185696,1.5708068102565254,0.9996669903177431,-0.00037617615380789446,0.025802459971073367,52.689763242927896,0.7016425675331475,1644.4179781332025,0.06217188937309803,16.205203805510575,0.24640380085798774,251.48214656461346
5.964496522504201,-0.0035582555721731814,0.01035004591033983,5.33886906764505e-07,0.006539421603055775,3.140603867758465,-0.05223940732852863,1.5708073287068451,0.9996587778189665,-0.0004940805910815993,0.026116733312368006,53.699047310496084,0.717004232099941,1660.070649214467,0.06260222131589899,16.254622397588463,0.24811342425299207,251.8802388073686
6.0270987438201,-0.0033112923725763066,0.010453502643528543,5.123428344898386e-07,9.694778501257824e-06,3.1403894193386557,-0.05289291555096902,1.5708080150884944,0.9996501319852612,-0.0006012521725441741,0.026443373769938033,54.71774642077316,0.7325764479021983,1675.8417846954233,0.06203800216323785,16.263996036777577,0.24880969992725083,251.45852275037183
6.089136745983338,-0.0025810986591481154,0.009189071554610883,4.915431770378512e-07,4.338262543663353e-05,3.140205299519945,-0.05350734364710635,1.570808783270477,0.999641901456134,-0.0006932621330181028,0.02675047829005143,55.72573402238966,0.7480483805825008,1691.4024089135962,0.06271359512575536,16.232370546717718,0.25010327101662316,250.19112290727426
6.1518503411090935,-0.0014997569735919988,0.006916478976361669,4.693679839387374e-07,3.3240743627910626e-05,3.140073192264174,-0.05401919260165613,1.570809500711476,0.9996349746515637,-0.0007592755984713405,0.027006309629524845,56.74280537318499,0.7637944680671791,1707.0528580539067,0.06337623786806734,16.203817053249914,0.25247468126134187,248.91910745582024
6.215226578977161,0.0001510492993847558,0.0036560359421832804,4.426992135211496e-07,4.905746466555418e-05,3.1400291359971058,-0.0543569980707287,1.5708099976475531,0.9996303819906278,-0.0007812842495970557,0.027175150202001584,57.768927819794975,0.7799249472558032,1722.7879314922914,0.06405230975186527,16.178479928702313,0.2567111307486274,247.6431197311533
6.279278888729026,0.0018275141913015735,0.00020625279453171871,4.154749892778926e-07,8.178329662558966e-05,3.140092363617423,-0.05448078402625845,1.570810164561806,0.999628722326578,-0.0007496781649120373,0.02723702075698684,58.80440751246806,0.7965087597017441,1738.608995267158,0.06472546271991142,16.1539535254446,0.26115011979675584,246.36293527407878
6.3440043514489375,0.003192216906506312,-0.0028166837190680455,3.9156805341392905e-07,0.00017988570095913973,3.140263915761629,-0.054386141736920704,1.5708100087040893,0.9996300707201375,-0.0006639372386012306,0.027189718155626683,59.84918156704635,0.8135572208509654,1754.5133435447228,0.06538450819266206,16.1284007393568,0.2647735118688808,245.07877488651033
6.4093888596415995,0.002913523776071526,-0.0038914836134301186,3.757196553248995e-07,7.312337323543398e-05,3.1404696853577345,-0.054158192060034326,1.570809706861264,0.9996332261874673,-0.000561097099402893,0.02707578622265534,60.90272422660365,0.8308395144359673,1770.495531559589,0.06598612040190055,16.096932014369685,0.2632814469075861,243.79047985265964
6.4753749800435,0.0022452905993755818,-0.004011587050712348,3.6048727749963566e-07,0.0015973849223559213,3.1406402716960717,-0.05389348567008235,1.5708094096138354,0.9996368452187356,-0.00047584180345471374,0.02694348188584009,61.9637807421408,0.8481258522007348,1786.539685310859,0.06666371644921654,16.062790285561185,0.26063454431374045,242.49986410742721
6.542038696492717,0.001494329032660135,-0.0033524872598544313,3.458969579921431e-07,4.079005372304348e-05,3.1407612331419026,-0.05364682313466381,1.5708091670157243,0.9996401875397308,-0.0004153884815363507,0.026820195479396035,63.033375314875485,0.865393164831502,1802.66243251622,0.06633214117491537,16.026639252335983,0.2578463857446364,241.20561362501925
6.608370837667632,0.0012190208460115962,-0.0025337620564930942,3.3214690413205944e-07,5.675718048092409e-06,3.140853340003394,-0.05344639918599183,1.5708089866818038,0.9996428882942686,-0.00036935566504188964,0.026720019582439015,64.095274249965,0.882460333003745,1818.619673910576,0.06703473781181923,15.990577947821297,0.2565548569822121,239.92739574547977
6.675405575479451,0.0008146294540060906,-0.001080939863476847,3.192136699163814e-07,2.0920122080963448e-05,3.140920882159582,-0.053323510839630536,1.5708088774536813,0.9996445400998591,-0.00033559904234437525,0.026658597386873848,65.16592971842617,0.8996000243921735,1834.660103902585,0.06776831522503635,15.95263720879195,0.2548762630264537,238.64481971656932
6.743173890704488,0.0007747135707313374,0.0003491420430952346,3.064723302690927e-07,5.99527108394742e-05,3.1409688642980087,-0.05330316944577938,1.5708088422847561,0.9996448189482917,-0.0003116171178499386,0.026648430354938545,66.2457159035249,0.9168369350879799,1850.7889898201674,0.06849958947823431,15.91485169770877,0.2543880097580758,237.3575799157041
6.811673480182722,0.0012448896677026205,0.0013868468596869273,2.938128040008516e-07,0.00016011666114014968,3.1410407424310547,-0.05336032802783644,1.5708088548368015,0.9996440675005558,-0.000275690259526559,0.0266769995429671,67.33463324709858,0.9343121853355387,1867.0035954719408,0.06921201760168927,15.878391798459184,0.2556004869338601,236.06588725153247
6.880885497784411,0.0008831624314231145,0.003066286480024737,2.824838070332735e-07,0.00011176296423600134,3.1411162575442613,-0.05351421335229838,1.5708089118447919,0.9996420216392179,-0.00023794440785536295,0.026753914769797004,68.43227332729539,0.9519597151586443,1883.2972785392835,0.06986252982361574,15.839826076519163,0.2541844568994862,234.76953117609654
6.950748027608027,0.00047428929187426664,0.00444316277279857,2.7170658971346904e-07,0.0001880840772352177,3.1411723232097897,-0.05377089644012476,1.5708090058286313,0.9996385860454581,-0.00020991881623884688,0.02688221015198369,69.5375861432763,0.9696915449825219,1899.6534319916505,0.07055293721745493,15.802191960264924,0.2526381753614377,233.47007874306496
7.021300964825482,-0.0008292712750507096,0.006184110283340473,2.627232697433077e-07,6.793056363365289e-06,3.1411605600626746,-0.05414817501036468,1.570809142534549,0.9996334959671601,-0.00021579411887067456,0.0270707807988954,70.65109332400148,0.9873606658491325,1916.0793892627817,0.07119632068591919,15.763204352661509,0.2481526702744895,232.16635793470437
7.092497285511401,-0.0029798039896930676,0.008191871601453906,2.557369816500601e-07,3.3615086929972937e-06,3.1410310452947963,-0.05465732368210776,1.570809367454527,0.9996265559798255,-0.00028052112053084046,0.02732526095903313,71.7719565312289,1.004786384028105,1932.5621978401582,0.07197464380727148,15.723104189953615,0.2407652036522666,230.85917348416103
7.1644719293186725,-0.005406038022470457,0.009962714561837114,2.47808867472385e-07,5.096858404022168e-06,3.1407248836909822,-0.055317453590501234,1.5708098089629268,0.9996174277662193,-0.00043353255824098977,0.02765520073862565,72.90216981244954,1.0217945811306635,1949.1309008206235,0.07276394545524312,15.683380358367728,0.23219039268546982,229.54618131414503
7.237235874773916,-0.0066214380448784615,0.010206921952515399,2.3744559211311577e-07,9.824230826969024e-05,3.140278300671166,-0.056061511181380835,1.5708105946844055,0.9996069483435598,-0.0006567183058686905,0.02802708363231526,74.04204305112378,1.0384813768575343,1965.7855665501656,0.07356064017998154,15.648256853248052,0.22720922490903508,228.2277980963669
7.310796514953897,-0.006519922516283269,0.008996357359461906,2.2753813721478188e-07,1.3096379709752303e-05,3.1397886894782805,-0.05677429433499317,1.5708116843152398,0.9995967055390951,-0.0009014005869906337,0.028383330161256506,75.19198839859372,1.0551387059273054,1982.5254050081578,0.0742975395510701,15.617576345055683,0.22617928056770206,226.90398390254003
7.385094054504967,-0.005890751128568784,0.007275193000871275,2.1734690234276857e-07,0.0001227536378651809,3.139326817379446,-0.05737887181056125,1.5708128948931763,0.9995878451080894,-0.0011322140196886694,0.028685491403913924,76.35125061497737,1.0719579445985528,1999.3344126621214,0.0751050821982373,15.588412282860096,0.22660511423317778,225.57561741420452
7.460199136703205,-0.004465669775238192,0.0049807505762835165,2.040522902608414e-07,8.357662594391595e-06,3.138924735225514,-0.057849753417912646,1.570814039231706,0.9995808158699502,-0.0013331446689910558,0.0289208296281298,77.52095516677763,1.089041106873264,2016.2261386687358,0.07583904388179796,15.561068285470972,0.22942849140247568,224.24177028165306
7.5360381805850025,-0.002098338384606007,0.002127767092846548,1.8692235036412799e-07,4.492972473113499e-05,3.13867669458591,-0.05811596817593028,1.5708147679323379,0.9995767844308334,-0.0014570956012380971,0.029053877552674395,78.70013808638964,1.1066655307864157,2033.1816416386573,0.07666693499309574,15.535722938946785,0.2352841058175119,222.9041389500656
7.612705115578098,5.348081382850964e-05,-0.00010448827862859396,1.7459752738218306e-07,8.490142647638512e-05,3.138599119095755,-0.05818993155477167,1.5708149727683147,0.9995756520210243,-0.0014958620001168051,0.029090842414638416,79.89018075906505,1.1249055562852945,2050.2194705775673,0.07747582503516703,15.508559073723225,0.24049120826275552,221.5609352101892
7.690180940613265,0.0016888031429914759,-0.0014174999196087848,1.6638918247518016e-07,0.0001427078409705501,3.1386675729924165,-0.05812741343254564,1.5708147740939469,0.9995766114942687,-0.0014616540823065023,0.02905959761159938,81.09056858241374,1.1436809968407389,2067.332798624465,0.07826228102992516,15.478667555101495,0.24413595678633657,220.21269994307062
7.7684432216431905,0.003107573519784577,-0.0021541798357825677,1.594001459612781e-07,4.876829299472401e-06,3.1388619909667543,-0.05797926969839186,1.570814340849213,0.9995788986056439,-0.0013644961425283006,0.02898555981826857,82.30075728506097,1.1629305352816195,2084.5141633547164,0.07901147970970168,15.447229641370514,0.24726583007701683,218.8602236514492
7.847454701352892,0.0036331204781671657,-0.0017968646608407573,1.5273397503574493e-07,0.00017430249650483877,3.139132235122945,-0.0578183706536587,1.5708139077657735,0.9995814024865486,-0.0012294408006748995,0.02890514766562234,83.51990671092678,1.1824954220651192,2101.7529952289565,0.07987675273151673,15.41253255972009,0.2476877659683505,217.5040486429762
7.927331454084409,0.0027540069960133905,-1.93382294966871e-05,1.487340946556185e-07,0.00044156796309648355,3.1394018650178332,-0.057732128326100675,1.5708136893925388,0.9995828046409075,-0.0010946871702228436,0.02886204774580569,84.7494869900039,1.2021668945494117,2119.0720591171344,0.08061616983742592,15.373346034001985,0.24368538154825742,216.14204912528126
8.007947623921835,0.0005255635443277441,0.0029597672302878906,1.5336536856104904e-07,6.085556413296979e-05,3.139539317657254,-0.05784673413631637,1.5708139117937685,0.9995812219970158,-0.001025984107510344,0.028919328323484605,85.9871002563211,1.221490186367077,2136.44149306818,0.08114697252655922,15.330218248562623,0.2352628857583711,214.77631379683123
8.089094596448394,-0.0015191547007789557,0.005551133959802644,1.5492795536733372e-07,0.0005190245890836096,3.139493760902061,-0.05819882229049778,1.5708146233386384,0.9995760918127422,-0.0010487356881681428,0.029095298113401707,87.22937889555465,1.2402430113330627,2153.814474896394,0.0819902067764442,15.28835293969998,0.22733091243175826,213.4108183833923
8.171084803224838,-0.003521735173424894,0.007794224877481656,1.5417627867664252e-07,0.0011107835791897606,3.1392900637341086,-0.05874541309525261,1.570815806628935,0.9995679908964803,-0.0011505120196276279,0.029368474894173647,88.4811965348353,1.2585660762566384,2171.25581964729,0.08246654971717327,15.24739602660002,0.21934376196947153,212.04007379637983
8.253551352942011,-0.003778639045063472,0.008082041501134007,1.4828078017623407e-07,8.111594685848879e-05,3.1389665294705416,-0.0594226409453061,1.57081746486072,0.9995577898575518,-0.0013121681905671543,0.029706937586011655,89.73708472887748,1.2764675615966523,2188.6855033755155,0.08245765687147966,15.212219676445784,0.21611137277475956,210.67072248567104
8.336009009813491,-0.0029242162272247654,0.0069669686690340595,1.4163611413904398e-07,4.513904688113721e-05,3.138688028692068,-0.0600469950168657,1.570819185489314,0.9995482749562667,-0.0014513143257872732,0.030018972060905702,90.99020644834616,1.294324898144251,2206.0007824215586,0.08329780478793758,15.18244201745377,0.21716765003295066,209.31061466638428
8.419306814601429,-0.0011346321850915586,0.0047283259421547815,1.3055613535380035e-07,1.7877939778270308e-05,3.138509325510627,-0.060544378296549566,1.5708206727358063,0.9995406449473018,-0.0015405886426077533,0.030267548547247076,92.2537479248213,1.3125535968155158,2223.3789848621213,0.0841764808054517,15.15638186157625,0.2212775481235035,207.94568261450655
8.50348329540688,0.0013777474121383878,0.0016800848464873321,1.1213020023553694e-07,5.374526566485621e-05,3.13852586633557,-0.06080853090514098,1.5708214867217258,0.9995366513292397,-0.0015323019064077913,0.030399564826666,93.52859776330756,1.3314788486433538,2240.825393469569,0.08508737307376535,15.133205799913224,0.22791187906122107,206.57555384105336
8.588570668480646,0.0025423202298813807,-0.00010183049174664017,1.0478317175850926e-07,5.9712691577180795e-06,3.138701680586422,-0.06086666076972725,1.570821656382136,0.9995358981876056,-0.0014444312823055046,0.030428619280151555,94.81511331907551,1.3509999957360503,2258.3437496207725,0.08597760374287056,15.106064702601882,0.23026711383993428,205.19924630514433
8.674548272223516,0.0027945657728665326,-0.0009035221531184302,1.0020730204321736e-07,0.00106814302791078,3.1389358791917896,-0.06081765193490318,1.570821513868961,0.999536805809336,-0.0013273897827728335,0.0304041295871561,96.11261720826361,1.370791338053788,2275.9268244841683,0.08691822342990818,15.075965006614563,0.22977952663830983,203.81749478559286
8.761466495653425,0.0024491027351141764,-0.0011664083624720563,9.600844383624696e-08,0.0014527441537648615,3.1391647061558565,-0.06072218073658849,1.5708212642077573,0.9995384013546047,-0.0012130354387829823,0.030356418887690945,97.42160115194356,1.390688498423225,2293.5819046684805,0.0869459129440866,15.04389895845806,0.22804798869421064,202.4298185291317
8.848412408597511,0.0027374750506043094,-0.0014840532524490148,9.198050777035776e-08,0.00016885924490399402,3.139392282404158,-0.06060213451682249,1.5708209777785174,0.999540353194371,-0.0010993069210782334,0.030296425843112137,98.72827696152795,1.4105198920442847,2311.1223741236886,0.08663724747201051,15.013344369385536,0.22819888783137238,201.05254946509984
8.935049656069522,0.002801263605448428,-0.001128510137426166,8.823783340800659e-08,0.00016883734541530042,3.1396390434841623,-0.06048391530948402,1.5708207224934125,0.9995422702796364,-0.0009759894198517719,0.030237345585846315,100.02762415086356,1.4302518156671697,2328.481953218266,0.08744342045950226,14.981410786294584,0.22705064201594313,199.6905823846802
9.022493076529024,0.0016791822170020708,0.00039870837516087936,8.654986831964486e-08,0.0005069861492315182,3.1398409171194954,-0.060445173924064136,1.5708206390425101,0.9995429492309379,-0.0008751008090457724,0.03021798531228298,101.33610603364306,1.449928659377761,2345.8838050533313,0.08825766093471366,14.94568987154066,0.22255116545726827,198.32547431351267
9.110750737463738,-0.00020819484584822163,0.002768622020904171,9.02856982822354e-08,0.00010449020804011709,3.1399062184318796,-0.06058406603361187,1.570820864128607,0.99954087634352,-0.0008424590514151484,0.03028740010181145,102.65349030895138,1.4692604919865973,2363.327210105982,0.08878104108842066,14.907469062619782,0.21548218042369235,196.96018579186824
9.199531778552158,-0.0014306761198467305,0.004533523627126527,8.972048175032298e-08,0.0001369015575003436,3.1398348575284634,-0.06090714050902052,1.5708214098689477,0.9995359400713488,-0.0008781085198142169,0.030448862519662147,103.97539230290934,1.4881768973702507,2380.752937147111,0.0896648650458598,14.871410752794363,0.2105310159404507,195.59628207366538
9.289196643598018,-0.002865936466267166,0.006421270965080351,9.032751138273583e-08,0.00021615921523942015,3.139635847157826,-0.061405160480720894,1.5708223232291303,0.9995282347016968,-0.0009775429350516243,0.030697754860355208,105.30716929152383,1.5067736585323739,2398.2295838827113,0.09052842596458532,14.834772324921744,0.20471522160028247,194.22639345596494
9.379725069562603,-0.002837009144186655,0.006777574434078314,8.681915993547555e-08,0.00010964440161939499,3.139365889820346,-0.06201505835975676,1.5708235953048388,0.9995186859493979,-0.001112423761135692,0.031002556587690383,106.64867351692126,1.5252180505659807,2415.7504984303723,0.09132855311506205,14.803394251340727,0.20360902584132362,192.85636603749336
9.471053622677665,-0.0021753808267181308,0.006334345150092714,8.326022565694474e-08,0.000294758626529477,3.139135437061272,-0.06261686252658333,1.5708250041567335,0.9995091771786148,-0.001227557004560718,0.03130331064560859,107.99932496741943,1.5438503287048373,2433.301062206572,0.09223303055375709,14.774746205462227,0.20451898705579238,191.48432169246138
9.563286653231422,-0.0006452087609401587,0.0048602177768623505,7.739873949630897e-08,0.00029134581796870035,3.1389918284803997,-0.06314733258090285,1.5708263501574304,0.9995007485943225,-0.0012992901590974102,0.03156841342204412,109.3608332959512,1.5628431073112232,2450.8986816241486,0.092975729075782,14.749574925759868,0.2083086449785752,190.1074715700545
9.656262382307204,0.0014335331589458817,0.002682676232332067,6.824857859307547e-08,5.9155183263576215e-05,3.1390275623345416,-0.06350004814622255,1.5708272687131528,0.9994951887888855,-0.0012814077658839741,0.031744683718729856,110.73112333468832,1.582473374099792,2468.5098539820683,0.09372758119722846,14.72695186457708,0.21404976889344368,188.72761871743063
9.749989963504433,0.0032565846639584185,0.0006133138425497,6.006778705241842e-08,7.391364818237379e-05,3.1392499579494912,-0.06365277576803069,1.570827649599881,0.9994928980466998,-0.0011702560007611808,0.031821011732461525,112.11038282770588,1.6027812248362556,2486.1339612572415,0.0947031398679723,14.704260605622814,0.21914091848330242,187.34460626088892
9.844693103372405,0.004758923071092695,-0.0012119641032891885,5.373633891106005e-08,7.637369307239133e-05,3.1396326296078008,-0.06362159427185614,1.5708275871877622,0.9994935996541794,-0.0009790189007743008,0.03180543240707251,113.50182884931465,1.6237452881635872,2503.810241819002,0.09567487586089918,14.681083874097357,0.22341933942905512,185.95564943596915
9.940367979233304,0.005561041908035431,-0.00235724352355861,5.025697567905161e-08,0.00013291356644931637,3.1401370077340696,-0.06344032180327319,1.5708272789482518,0.9994966933847539,-0.0007269659167640186,0.031714844718501764,114.90527088793179,1.6452609980856643,2521.534743357348,0.09665422905933241,14.656023785633543,0.2256513901347122,184.56095498298677
10.037022208292637,0.005293536970736436,-0.0024049754425626646,4.8195092165775245e-08,3.732597611681106e-05,3.1406694931326093,-0.0632017399851872,1.5708269913538884,0.999500627688959,-0.0004608653281847207,0.03159561444215815,116.32048961120168,1.6670437997490437,2539.3055752854875,0.0975889589960186,14.627653996306508,0.22458065795539647,183.16009113741336
10.134611167288655,0.0038452785455624725,-0.0011997290733603203,4.749659891859077e-08,5.6160669095545406e-05,3.141122603424753,-0.06301777913446031,1.570826853669498,0.9995036083993236,-0.0002344275679702715,0.03150367881371389,117.74643572689014,1.6887474918696037,2557.1112883378096,0.09862601151344563,14.595388343492894,0.21974223436142262,181.7536938240839
10.233237178802101,0.0012326380471757532,0.0012658915688266964,5.745875108821398e-08,0.00010745552700724993,3.1413872843153587,-0.06300627246762304,1.570826834639373,0.9995038119056372,-0.00010215321977302406,0.031497927019604736,119.18417334197265,1.7100380255810128,2574.967165870679,0.09965550861212691,14.558990738312465,0.21101047900260597,180.3402190177538
10.332892687414228,-0.002520802364740106,0.00496236292603069,9.204311632640266e-08,0.0003890222854606298,3.1413224314687085,-0.06331599397547714,1.5708268854502312,0.9994989182903167,-0.00013455972756376685,0.031652710930912105,120.63303089213436,1.7304291831003042,2592.8682106885003,0.10064463385488942,14.518303005190889,0.19821836697087314,178.91959668532425
10.433537321269117,-0.006015724962487538,0.008546323333864684,1.2414858357551167e-07,0.00016142097039021616,3.1408897374204843,-0.06399782613720056,1.570827192827096,0.9994880167891854,-0.00035078440298042744,0.03199345601283409,122.09217258121735,1.7497540832227918,2610.803637307407,0.10136019477247693,14.477741617483765,0.18594173532656927,177.49265916367588
10.534897516041594,-0.007369590026166156,0.01020295805197586,1.2590989829141776e-07,0.0003280454635837739,3.14018412984674,-0.0649730976374985,1.5708282091739927,0.9994721108565131,-0.0007033724324297592,0.03248083802879524,123.55781884014871,1.7682363828336425,2628.721838198937,0.10231154030498324,14.443495151801343,0.18048612591609325,176.06371818425984
10.637209056346578,-0.005828473989724855,0.009165438385482574,1.1980544067184897e-07,0.0003608398332672659,3.139488017310022,-0.06598358629832016,1.5708299899646834,0.9994552672121481,-0.001051190092174209,0.0329858078764585,125.03418965366389,1.7868361931249561,2646.661759000819,0.10310133888164508,14.418126597171264,0.1844452683131805,174.62966769213017
10.740310395228223,-0.004234525937909642,0.008028375506257764,1.1416633063551974e-07,6.114169456031436e-05,3.1389831719532877,-0.06685750132651683,1.5708320562942362,0.9994404612653841,-0.0013034144196363863,0.03342251985221668,126.5194656146149,1.8061076196785109,2664.592140045217,0.1038634229100257,14.393052071206057,0.18845722567608875,173.19202271259292
10.844173818138248,-0.002639724366814575,0.006792771650133609,1.0824716189718707e-07,6.611957059810842e-05,3.138614482119327,-0.06763898940055742,1.5708342466242549,0.9994270681156722,-0.001487592597309168,0.03381303890401956,128.013050399842,1.8258469583537538,2682.5055686798814,0.1049424167052404,14.368317966818928,0.19239074599375147,171.7513186166376
10.949116234843489,0.0004891716849136562,0.004000918221284023,8.649399124725779e-08,0.00023448308518390112,3.138485861557512,-0.06822110773653703,1.5708360368081504,0.999417086500975,-0.0015518146346134823,0.034103929149227066,129.5198229146111,1.8464646950321373,2700.4535448386587,0.10602739581369747,14.348974129783286,0.20159530294129868,170.30388269999975
11.055143630657186,0.004116420731246809,0.0006161405980838249,5.2636034948833417e-08,0.00015340286624716272,3.1387330088993006,-0.06846412099813926,1.5708367860496022,0.9994131194197411,-0.001428291816786613,0.034225369091362604,131.04030608980887,1.8684397181841814,2718.4332596170293,0.10694508085880372,14.331975787573363,0.21278664554446783,168.84972017574228
11.16208871151599,0.007619697724236574,-0.0027618172244208163,1.7547575625006262e-08,0.00019799485348039313,3.1393689507044753,-0.06834241282493736,1.570836503530193,0.999415603950137,-0.0011105158283630733,0.03416455787560901,132.57217549814948,1.8918199068670565,2736.4128506302745,0.10795741992890306,14.315493955270533,0.2240010407191167,167.39136141863213
11.270046131444893,0.009794191336804139,-0.004973943915342076,6.490156576944707e-09,9.503421738338543e-05,3.140317066216138,-0.06791774568311797,1.5708357786026643,0.9994232498468707,-0.0006367561847962014,0.033952351955596746,134.1165827220112,1.916413683127591,2754.4048967570156,0.10893120141271062,14.29562046199128,0.23119847032163457,165.9275095832505
11.378977332857604,0.010035353338338372,-0.005411544408354903,5.3373563927850275e-09,5.479389468914485e-05,3.141423412165915,-0.06732761521597429,1.5708353570243596,0.9994334238244422,-8.391593906685483e-05,0.03365745122922487,135.6725209664882,1.9417468408789638,2772.3995085087827,0.11002592271350231,14.270354823234289,0.2323780278172317,164.45870156681542
11.489003255571106,0.007859157362540323,-0.00357732097769866,1.0897730162068368e-08,1.2185952050940541e-05,-3.140762265727466,-0.06681853301311766,1.5708355114031989,0.9994418757560294,0.000415616668014667,0.03340304071704978,137.24088610043015,1.967000220749821,2790.412979357383,0.11117592037512836,14.237857685380531,0.2257671189802185,162.98313424274275
11.600179175946234,0.004607093967304682,-0.0006789043702191962,3.1782383965922875e-08,0.00036849176965335004,-3.1400660053456093,-0.06657811050338258,1.5708357699610747,0.9994456787000475,0.0007635575352573027,0.03328288257065131,138.82180767111976,1.9915475597386711,2808.4502777974244,0.11238530765490573,14.201979167456827,0.2156287736350731,161.5003480407086
11.71256448360114,0.0015012453526659056,0.0021750537715862577,5.2321265999089474e-08,0.0002603493454461278,-3.139726024548494,-0.06666428579670311,1.5708355955900748,0.9994440994565905,0.0009334502970966638,0.03332593822700355,140.41588951088656,2.0152277159649543,2826.516708053062,0.11320741543010193,14.16635687210873,0.205964905810397,160.00978034695348
11.825771899031242,-0.001821572483172257,0.005332223127553175,8.24879640295839e-08,0,-3.139739812084432,-0.06708429650037882,1.5708347797649667,0.9994370852165202,0.0009265442985975645,0.0335358268287968,142.01756867319116,2.037963035430308,2844.546388796318,0.11320741543010193,14.12972931147518,0.19538978149086217,158.51622155678027
